SpatialData/ALLBUILT_AGE_NOZONE_1/yearbuilt_0fill1900_nafillfocal_matchextent.asc
ncols         299
nrows         658
xllcorner     582840.57256934
yllcorner     4505984.7454546
cellsize      30
NODATA_value  -9999
[rows 595 to 629 of 658, columns 0 to 78 of 299]
-9999 -9999 -9999 -9999 -9999 -9999 1989 1989 1989 2000 1989 1989 1998 1998 1989 1997 1968.611 1927.5 1945 1980 1980 1910 1910 1910 1915 1912.5 1920 1930 1917.5 1925 1930 1930 1923 1929 1924.333 1915 1928 1913.333 1900 1931.667 1910 1915 1915 1915 1906.667 1920 1917.5 1915 1920 1926.5 1895 1895 1985 1985 1991 1912.5 1917.5 1920 1915 1915 1910 1918.333 1920 1915 1890 1910 1910 1913.333 1920 1910 1960 1960 1900 1900 1900 1948.667 1900 1910 1910
-9999 -9999 -9999 -9999 -9999 -9999 1989 1989 1989 2000 1989 2004 1989 1989 1989 1997 2005 1973.333 1910 1910 1910 1910 1910 1915 1915 1915 1910 1880 1910 1910 1915 1917.5 1920 1920 1929 1929 1915 1920 1920 1880 2005 1960 1915 1910 1900 1900 1954.667 1920 1920 1958 1958 1959.444 1985 1985 1985 1910 1915 1920 1933 1935.5 1920 1915 1920 1931 1958 1920 1910 1910 1910 1960 1960 1960 1900 1900 1930 1973 1973 1910 1910
-9999 -9999 -9999 -9999 -9999 -9999 1989 1989 1989 1989 1989 1989 1989 1989 1989 1997 2005 2005 2005 1967.667 1910 1910 1910 1988 1944 1900 1910 1880 1915 1917.5 1920 1915 1915 1948.667 1929 1929 1910 1910 1915 1920 2005 2005 1959.5 1920 1920 1972 1972 1972 1929.333 1958 1958 1939 1954.333 1985 1985 1915 1920 1911.667 1915 1951 1936.5 1907.5 1900 1915 1920 1915 1905 1910 2006 1960 1960 1960 1955.333 1900 1910 1973 1973 1910 1910
-9999 -9999 -9999 -9999 -9999 -9999 1989 1989 2002 1989 1989 1989 1989 2008 1989 1989 2005.5 2005 2005 2005 1988 1962 1910 1987.5 1988 1948.333 2005 1910 1915 1915 1917.5 1915 1915 2002 1915 1939.333 1910 1910 1910 1916.333 1924 1924 1999 1920 1946 1972 1972 1915 1915 1915 1958 1939 1939 1939 1909 1910 1920 1910 1910 1910 1958 1915 1916.5 1921.5 1920 1922 1908.5 1900 1900 1960 1960 1983 1983 1983 1927.667 1973 1973 1910 1910
-9999 -9999 -9999 -9999 -9999 -9999 1989 1989 2002 1989 2004 1989 1989 2008 1989 1989 2006 2006 2005.5 2005 1988 1988 1988 1987 1987 1910 1930 1997 1915 1915 1913.333 1920 1946 1915 1954 1954 1954 1910 1910 1910 1915 1984.333 1999 2001 1974 1920 1934 1924.5 1915 1915 1939 1939 1939 1939 1915 1902 1905 1915 1910 1939.333 1900 1915 1910 1923 1978 1944 1913.5 1917 1960 1960 1960 1983 1983 1983 1900 1910 1900 1905 1910
-9999 -9999 -9999 -9999 -9999 -9999 1989 1989 1989 1989 2004 1989 2008 1989 1989 1989 1982 2006 2006 2006 1997 1988 1988 1987 1946 1931 1920 1997 1915 1907.5 1900 1920 1920 2003 1937 1954 1941 1949 1940.667 1910 1977 1977 1977 1984.5 2001 2001 1934 1934 1924.5 1915 1939 1939 1939 1935 1935 1914.667 1900 1900 1915 1959 1959 1955 1960 2014 1978 1978 1910 1910 1935 1960 1983 1983 1983 1921.667 1910 1910 1900 1900 1939.5
-9999 -9999 -9999 -9999 -9999 -9999 1989 1989 2006 1989 1989 1989 2008 1989 1989 1955.852 1934 1958 2006 2006 2006 2006 1987 1987 1987 1920 1916.667 1915 1917.5 1915 1913.333 1895 1930 1917.5 1920 1939.333 1988 1988 1930 1982 1977 1977 1977 1968 1968 1934 1934 1934 1934 1932.333 1939 1939 1939 1935 1935 1935 1909 1915 1923.333 1910 1910 1985 1920 1960 1978 1978 1978 1910 1910 1910 1940.667 1900 1900 1925 1930 1900 1900 1900 1979
-9999 -9999 -9999 -9999 -9999 1989 1989 1989 1989 2006 1989 1989 1989 1989 1989 1983 1950.556 1910 1910 2006 2006 2006 1987 1939 1910 1915 1915 1920 1963.5 1920 1930 1915 1935 1925 1915 1915 1915 1906.667 1900 1977 1977 1977 1968 1968 1968 1910 1918 1934 1929 1929 1929 1929 1935 1935 1935 1915 1915 1915 1945 1915 1936.667 1985 1985 1978 1978 1978 1978 1910 1910 1910 1910 2012 1900 1933 1966 1900 1900 1900 1900
-9999 -9999 -9999 -9999 -9999 1989 1989 1989 1989 1989 1988 1988 1988 2006 1989 1970.25 1983 1958.667 1910 1910 2006 2006 1987 1987 1920 1932.5 1935 1961 2007 1907.5 1907.5 1915 1960.667 1935 1949.333 1915 1905 1910 1910 1984.5 1977 1977 1968 1968 1968 1910 1910 1910 1925 1929 1929 1929 1933 1935 1935 1915 1915 1912.5 1915 1915 1915 1910 1978 1978 1978 1978 1978 1978 1910 1920.667 1900 1900 1903.333 1900 1909.75 1906.5 1900 1941 1941
-9999 -9999 -9999 -9999 -9999 1989 1989 1989 1989 1989 1988 1988 1988 2006 2006 1944.75 1957.5 1983 1983 1983 1983 1983 1987 1987 1910 1930 1900 1907.5 1915 1915 1900 1926.5 1938 2009 2013 1920 1960 1910 1992 1992 1984 1968 1968 1968 1968 1910 1910 1921 1921 1921 1925 1929 1929 1935 1935 1915 1915 1910 1910 1916.667 1915 1910 1978 1978 1978 1978 1978 1978 1910 1910 1952 1900 1910 1900 1906.5 1913 1913 1910 1910
-9999 -9999 -9999 -9999 -9999 1989 1997 1997 1989 1989 1988 1988 2006 2006 2006 1932 1932 1932 1932 1983 1983 1983 1987 1991.667 2001 1920 1906.667 1900 1908.333 1915 1900 1916.667 1915 1915 1920 1915 2010 1951 1992 1992 1992 1992 1968 1968 1968 1910 1922.5 1921 1921 1921 1921 1947.333 1929 1935 1935 1919.5 1915 1915 1910 1915 1920 1905 1978 1978 1978 1978 1978 1978 1978 1910 1942.667 1940 1940 1900 1910 1900 1906.667 1910 1910
-9999 -9999 -9999 -9999 -9999 1989 1997 1997 1986 1986 1989 1989 2006 2006 2006 1931 1932 1932 1983 1983 1983 1987 1987 1987 1987 1932 1900 1920 1900 1910 1920 1920 1915 1915 1910 1905 1900 1910 1910 1911.667 1915 1915 1927 1947.5 1968 1910 1921.5 1925 1921 1921 1921 1921 1992 1935 1935 1936 1924 1915 1920 1920 1970 1978 1978 1978 1978 1978 1978 1978 1978 1988 1988 1900 1905 1910 1920 1920 1900 1910 1940
-9999 -9999 -9999 -9999 -9999 1989 1997 1989 1986 1986 1986 1989 1989 2006 1930 1930 1930 1930 1956.5 1983 1983 2010 2002.333 1987 1987 1931.667 1964 1942 1920 1931 1925 1925 1915 1900 1910 1910 1912.667 1910 1910 1910 1910 1927 1927 1927 1927.25 1921.5 1910 1933 1921 1921 1921 1921 1965 1965 1965 1956.5 1948 1900 1910 1920 1915 1998 1943.5 1900 1900 1900 1900 1900 1920 1988 1988 1900 1900 1910 1943.667 1920 1940 1900 1910.5
-9999 -9999 -9999 -9999 -9999 1989 1989 1986 1986 1986 1986 1986 1986 1989 1973.889 1930 1930 1930 1930 2003 2003 2010 2010 2010 1921 1921 1910 1964 1964 1930 1930 1920 1930 1922.333 1915 1914 1914 1914 1912 1910 1910 1910 1915.667 1927 1927.333 1933 1933 1933 1933 1927 1921 1992 1965 1965 1965 1965 1940 1915 1977 1910 2009 2009 1987 1900 1900 1900 1910 1900 1900 2000 2000 1960 1920 1965.5 2011 1900 1900 1900 1900
-9999 -9999 -9999 -9999 -9999 1989 1989 1989 1989 1986 1986 1986 1986 1986 2009 1982.667 1930 1930 1930 2003 2003 2005.333 2010 2010 1959 1959 1961.5 1964 1964 1974 1953.333 1920 1900 1937 1915 1914 1914 1914 1914 1914 1912 1910 1910 1910 1914 1935 1933 1933 1933 1933 1983 1992 1965 1965 1965 1965 1965 1900 1910 1910 1950.5 1945.5 1900 1901.5 1901.5 1900 1900 1910 1900 1936.667 2000 2000 1920 1920 2011 1900 1900 1900 1922
-9999 -9999 -9999 -9999 1967.455 -9999 -9999 -9999 1989 1989 1987 1986 1986 1986 2009 2009 2009 1969.5 1930 2003 2003 2003 2003 1947 1959 1959 1959 2008 1971.5 1935 2013 1927 1955 1937 1914 1914 1914 1914 1914 1914 1914 1914 1914 1914 1914 1937 1937 1937 1974 1974 1974 1963.25 1960 1960 1960 1960 1960 1960 1830 1880 1910 1991 1900 1900 1903 1900 1900 1910 1900 1900 1910 2000 1910 1962 1962 1957 1957 1957 1957
-9999 -9999 -9999 -9999 -9999 -9999 -9999 -9999 1989 1989 1987 1987 1986 1986 2009 2009 2009 2009 2009 2006 2003 2003 1935 1935 1943 1959 1959 2008 2008 1964 1920 1927 1964 1964 1914 1914 1914 1914 1914 1914 1914 1914 1914 1914 1914 1973.5 1974 1974 1974 1974 1973 1966.5 1960 1960 1960 1960 1960 1960 1885 1830 1900 1900 1900 1900 1910 1905 1910 1954.5 1989 1933 1900 1910 1910 1962 1962 1957 1957 1957 1957
-9999 -9999 -9999 -9999 -9999 -9999 -9999 1989 1989 1987 1987 1987 1987 1987 2009 2009 2009 2009 2009 2009 2009 1935 1935 1935 1935 1935 1900 1954 2008 2008 1913 1938.5 1964 1914 1914 1914 1914 1914 1914 1914 1914 1914 1914 1914 1914 1973 1973 1973 1973 1973 1973 1973 1960 1960 1960 1960 1960 1900 1910 1915 1900 1905 1906.667 1900 1900 1910 1900 1920 1989 1989 1910 1910 1910 1962 1962 1957 1957 1957 1957
-9999 -9999 -9999 -9999 -9999 -9999 -9999 -9999 1989 1987 1987 1987 1987 2009 2009 2009 2009 2009 2009 2009 2009 2009 2009 1935 1935 1935 1900 1900 2007 2008 1913 1913 1914 1914 1914 1914 1914 1914 1914 1914 1910 1910 1910 1910 1973 1973 1973 1973 1973 1973 1973 1973 1960 1960 1960 1960 1960 1896.667 1890 1900 1905 1900 1910 1910 1918 1957 1900 1910 1910 1900 2004 1970 1936 1969 2002 1963 1963 1963 1963
-9999 -9999 -9999 -9999 1910 1989 -9999 1989 1989 1987 1987 1987 1987 2009 2009 2009 2009 2009 2009 2009 2009 2009 2009 2009 1972 1935 1903.5 1900 2006 1927 1920 1913 1914 1914 1914 1914 1914 1914 1914 1968 1929.333 1910 1910 1910 1973 1973 1973 1973 1973 1973 1973 1973 1960 1960 1960 1960 1900 1900 1900 1900 1930 1910 1910 1900 1905 1905 1963.333 1995 1900 1900 1997 2004 1936 1936 2002 1963 1963 1963 1963
-9999 -9999 -9999 -9999 1989 1989 1989 1989 1989 1989 1987 1987 1987 2009 2009 2009 2009 2009 2009 2009 2009 2009 2009 2009 2009 1900 1902.333 1907 1929 1927 1927 1914 1914 1914 1914 1914 1900 1934 1968 1968 1968 1910 1910 1910 1910 1973 1973 1973 1973 1973 1973 1973 1960 1960 1960 1950 1950 1950 1950 1950 1950 1950 1950 1900 1900 1910 1900 1995 2010 1915 1990 1990 1900 1936 2002 1945.333 1963 1963 1963
-9999 -9999 -9999 -9999 1989 1989 1989 1989 1989 1989 1989 1987 1987 2009 2009 2009 2009 2009 2009 2009 2009 2009 2009 2009 2009 1900 1900 1900 1909 1918 1964.75 1937.944 1940 1920 1900 1900 1900 1900 1968 1968 1968 1968 1910 1910 1910 1910 1975 1975 1975 1975 1943.5 1912 1950 1950 1950 1950 1950 1950 1950 1950 1950 1950 1950 1924 1924 1900 1900 1915 1935 1935 1910 1910 1910 1910 1910 1910 1963 1963 1963
-9999 -9999 -9999 1983 1983 1983 1983 1983 1983 1989 1989 1987 1987 2009 2009 2009 2009 2009 2009 2009 2009 2009 2009 2009 1961 1940.667 1900 1900 1900 1961 1981 1948.5 1925.333 1940 1900 1900 1900 1900 1987.5 1968 1968 1968 1939 1910 1910 1910 1942.5 1975 1975 1975 1975 1912 1950 1950 1950 1950 1950 1950 1950 1950 1950 1950 1950 1935 1935 1935 1935 1935 1935 1935 1918.333 1910 1910 1910 1910 1910 1963 1963 1963
-9999 -9999 -9999 1985 1983 1983 1983 1983 1983 1989 1986 1989 1910 1959.5 2009 2009 2009 2009 2009 2009 2009 2009 2009 2009 1938.5 1961 1961 1908 1900 1961 1961 2001 1896 1940 1900 1900 1966 2007 2007 1987.5 1968 1968 1968 1910 1910 1910 1910 1942.5 1975 1975 1975 1912 1950 1950 1950 1950 1950 1950 1950 1950 1950 1965 1965 1935 1935 1935 1935 1935 1935 1935 1935 1910 1910 1910 1910 1910 2015 2015 2015
-9999 -9999 -9999 1989 1983 1983 1983 1983 1983 1989 1986 1986 1910 1910 1959.5 2009 2009 2009 2009 2009 2009 2009 2009 1935 1941.333 1916 1916 1916 1935.5 1961 1961 1961 1900 2012 1900 1900 1925 1992.333 2007 2007 1968 1968 1968 1970 1950 1910 1910 1910 1911.333 1912 1912 1912 1950 1950 1950 1950 1950 1950 1950 1950 1950 1965 1965 1950 1935 1935 1935 1935 1935 1935 1935 1910 1910 1950 1930 1910 2015 2015 2015
-9999 -9999 -9999 1989 1983 1983 1983 1983 1983 1989 1986 1986 1909.5 1910 1910 1910 2009 2009 2009 2009 2009 2009 2009 1947.667 1935 1973 1948 1916 1910 1910 1935 1961 1900 1913 1910 1910 1963 1963 2007 1968 1968 1968 1968 1970 1970 1970 1910 1910 1910 1912 1912 1912 1950 1950 1950 1950 1950 1950 1950 1950 1950 1950 1965 1965 1935 1935 1935 1935 1935 1910 1910 1936.667 1950 1950 1950 1910 2003.667 2015 2015
-9999 -9999 -9999 1989 1989 1989 1983 1983 1989 1986 1986 1986 1908.5 1909 1910 1910 1910 1910 1954.5 2009 2009 2009 1954 1935 1973 1920 1980 1910 1910 1910 1909 1905 1900 1929 1900 2012 1925 1908 1961.5 1968 1968 1968 1971 1970.333 1970 1970 1970 1910 1910 1910 1950 1950 1950 1950 1950 1950 1950 1950 1950 1950 1965 1965 1965 1965 1914.25 1910 1910 1910 1910 1910 1910 1910 1950 1910 1910 1981 1981 2015 2015
-9999 -9999 -9999 1989 1986 1986 1989 1989 1989 1986 1986 1989 1948.5 1908 1908 1917 1910 1910 1900 1954.5 2009 2009 1973 1973 1955.333 1920 1920 1927 1915 1903 1920 1910 1905 1922.5 1935 1940 1939.333 1951 1955 1961.5 1968 1968 1971 1971 1970 1970 1970 1971 1910 1910 1910 1930 1950 1950 1950 1950 1950 1950 1950 1950 1950 1950 1950 1950 1931.833 1918.5 1910 1910 1927 1927 1927 1981 1981 1981 1981 1981 1981 1910 1986.833
-9999 -9999 1987 1985 1985 1985 1986 1986 1989 1989 1989 1989 1989 1948.5 1908 1931 1910 1910 1906.5 1900 1900 1973 1973 1973 1973 1973 1915 1927 1927 1929 1906 1910 1900 1910 1915 1940 1940 1927 1955 1955 1971 1971 1971 1971 1971 1970 1970 1971 1971 1910 1910 1910 1930 1950 1950 1950 1950 1950 1950 1950 1950 1950 1950 1950 1950 1927 1927 1927 1927 1927 1927 1933.667 1981 1910 1910 1910 1910 1910 -9999
-9999 -9999 1989 1989 1989 1985 1985 1989 1985 1985 1985 1957.5 1989 1989 1998 1958.5 1910 1910 1961.667 1913 1900 1973 1973 1973 1973 1905.5 1903 1910 1900 1952 1958 1930 1900 1930 1900 1905 1912.333 1927 1927 1971 1971 1971 1971 1971 1971 1971 1971 1971 1971 1906.667 1910 1910 1910 1930 1950 1950 1950 1950 1950 1950 1950 1950 1950 1950 1950 1918.5 1927 1927 1910 1910 1910 1910 1910 1910 -9999 -9999 -9999 -9999 -9999
-9999 -9999 1989 1989 1986 1987.5 1989 1989 1985 1985 1921 1923.222 1926 1947 1989 2007 1906.5 1910 2014 1958 1940 1973 1973 1973 1945.222 1916 1908 1930 1900 1965 1986 1924.333 1908 1912 1912 1924.667 1900 1910 1900 1940.5 1971 1971 1971 1971 1971 1971 1971 1971 1920 1910 1900 1910 1910 1910 1930 1950 1950 1950 1950 1950 1950 1950 1910 1910 1910 1910 1910 1910 1910 -9999 -9999 -9999 -9999 -9999 -9999 -9999 -9999 -9999 -9999
-9999 -9999 1989 1987 1986 1986 1989 1987 1989 1989 1921 1921 1922.667 1926 1926 2007 1903 1915.5 1910 1973 1904.667 1907 1973 1973 1967 1952.667 1924 1901 2006 1957.667 1986 1900 1965 1909 1909 1956 1918 1900 1900 1905 1910 1971 1971 1971 1971 1971 1971 1950 1940 1920 1900 1941.667 1910 1910 1910 1930 1950 1950 1910 1910 1910 1910 1910 1910 -9999 -9999 -9999 -9999 -9999 -9999 -9999 -9999 -9999 -9999 -9999 -9999 -9999 -9999 -9999
-9999 -9999 1989 1989 1986 1986 1989 1985 1989 1989 1920.75 1921 1921 1921 1912.5 1910 1929 1917 1921 1921 1900 1907 1907 1941 1967 1967 1967 1967 1922 1922 1965 1965 1965 1965 1956 1956 1926 1900 2009 1900 1940.5 1971 1971 1976 1971 1971 1910 1930 1950 1950 1900 1955 1960 1910 1910 1910 1926.471 1910 1910 1910 1910 -9999 -9999 -9999 -9999 -9999 -9999 -9999 -9999 -9999 -9999 -9999 -9999 -9999 -9999 -9999 -9999 -9999 -9999
-9999 -9999 1988 1988 1989 1989 1985 1987 1987 1987 1932.5 1920.5 1921 1921 1952.333 1915 1900 1915 1915 1900 1900 1900 1907 1915 1915 1941 1967 1967 1942.5 1922 1922 1965 1965 1971 1973 1956 1926 2003 2000 1948 1910 1945.5 1910 1981 1910 1910 1910 1910 1950 1950 1900 1900 2010 1910 1910 1910 1917.692 1920 -9999 -9999 -9999 -9999 -9999 -9999 -9999 -9999 -9999 -9999 -9999 -9999 -9999 -9999 -9999 -9999 -9999 -9999 -9999 -9999 -9999
-9999 1988.5 1988 1988 1988 1989 1989 1989 1987 1910 1928.056 1944.5 1920 1979 2012 1930 1907 1907 1915 1900 1900 1900 1922 1918.5 1915 1915 1963 1963 1963 1942.5 1922 1914.5 1933 1967 1973 1927 1967 2003 2003 1906.667 1900 1984 1981 1981 1908.333 1910 1910 1910 1900 1900 1900 1920 1910 1910 1910 1910 1910 -9999 -9999 -9999 -9999 -9999 -9999 -9999 -9999 -9999 -9999 -9999 -9999 -9999 -9999 -9999 -9999 -9999 -9999 -9999 -9999 -9999 -9999
