SpatialData/ALLBUILT_AGE_NOZONE_1/yearbuilt_0fill1900_nafillfocal_matchextent.asc
ncols         299
nrows         658
xllcorner     582840.57256934
yllcorner     4505984.7454546
cellsize      30
NODATA_value  -9999
[rows 490 to 524 of 658, columns 79 to 157 of 299]
2003 2003 1911 1941.667 1965 1939 1905 1905 1910 1929.5 1954 1912.5 1910 1925 1912.333 1915 1906 1935.667 1931 1910 1920 1925 1925 1970 1970 1921 1926 1925 1925 1950.667 1962 1915 1910 1975 1975 1915 1961 2004.5 2007 2007 1955 1955 1966 1938 1910 1910 1910 1910 1910 1910 1910 1984 1984 1984 1968.5 1953 1948 1951.25 -9999 -9999 -9999 -9999 -9999 -9999 -9999 -9999 -9999 -9999 -9999 -9999 -9999 -9999 -9999 -9999 -9999 -9999 -9999 -9999 -9999
1930 1945 1912 1910 1950 1905.5 1908 1900 1910 1905 1928 1921.5 1915 1915 1910 1912 1925.5 1938 1938 1914 1915 1912 1970 1970 1970 1927 1910 1926 1963 1963 1927 1920 1915 1920 1918 1910 1920 2002 2002 1956 1910 1910 1966 1966 1910 1910 1910 1910 1910 1910 1910 1947 1984 1984 1984 1953.292 1952.5 -9999 -9999 -9999 -9999 -9999 -9999 -9999 -9999 -9999 -9999 -9999 -9999 -9999 -9999 -9999 -9999 -9999 -9999 -9999 -9999 -9999 -9999
1915 1913.333 1920 1910 1923 1903 1903 1914.333 1908 1920 1920 1928 1970.333 1915 2005 1917 1910.333 1913 1914 1906 1915 1912 1912.5 1913.333 1920 1915 1930 1926 1988 1967.667 1927 1988 1910 1920 1956.667 1926 1910 1930 2002 2002 1910 1971.333 1966 1966 1910 1910 1916.667 1910 1910 1910 1960.5 1910 1934.667 1984 1910 1954.167 1953.875 -9999 -9999 -9999 -9999 -9999 -9999 -9999 -9999 -9999 -9999 -9999 -9999 -9999 -9999 -9999 -9999 -9999 -9999 -9999 -9999 -9999 -9999
2000 1911 1909 1918 1923 1911.5 1903 1915 1920 1916 1916 1916 1998 1998 1904 1916 1916 1902 1921 1915 1913 1915 1915 1910 1910 1936.333 1984 1988 1988 1988 1988 1976 1964 1972 1972 1972 1916.667 1900 1920 2002 1910 1974 1974 1910 1910 1910 1910 1930 1920 1910 2011 2011 1910 1910 1948.264 1941.714 -9999 -9999 -9999 -9999 -9999 -9999 -9999 -9999 -9999 -9999 -9999 -9999 -9999 -9999 -9999 -9999 -9999 -9999 -9999 -9999 -9999 -9999 -9999
1920 1920 1915 1911 1920 1917 1920 1907 1915 1969.5 1915.5 1951 1998 1904 1904 1947.5 1930.667 1902 2008 1913 1913 1912.5 1902.5 1890 1987 1915 1910 1966.667 1988 1988 1988 1988 1990 1981 1972 1925 1925 1925 1923.333 1920 1910 1985.667 1974 1957 1940 1961 1961 1961 1930 1985 1993.667 2011 2011 1910 1941.217 -9999 -9999 -9999 -9999 -9999 -9999 -9999 -9999 -9999 -9999 -9999 -9999 -9999 -9999 -9999 -9999 -9999 -9999 -9999 -9999 -9999 -9999 -9999 -9999
1920 1903.333 1900 1910 1930 1914.333 1914 1914 2012 2012 1927 1904 1913 1923 1925 1925 1970 1920 1977.667 1913 1918.5 1910 1915 1933 1988 1910 1936.667 2002 1910 1961.333 1988 1988 1990 1990 1905.5 1910 1910 1899 1940 1910 1974 1974 2009 1974 1940 1962 1941.5 1921 2006 1985 1985 1985 1947.5 1910 1946.063 -9999 -9999 -9999 -9999 -9999 -9999 -9999 -9999 -9999 -9999 -9999 -9999 -9999 -9999 -9999 -9999 -9999 -9999 -9999 -9999 -9999 -9999 -9999 -9999
1910 1910 1900 1906.333 1927 1915 1914 1914 1900 1913.333 1927 1905 1905 1911 1949.667 1925 1925 1919 2010 2010 1927 1927 1913 1910 1901 1959 1908 1900 1910 1920 1976 1950 1990 1990 1901 1910 1900.333 1901 1964 1964 1962 1962 1985.5 2009 1931 1962 1962 1930 1985 1985 1985 1985 1985 1964.955 1958.083 -9999 -9999 -9999 -9999 -9999 -9999 -9999 -9999 -9999 -9999 -9999 -9999 -9999 -9999 -9999 -9999 -9999 -9999 -9999 -9999 -9999 -9999 -9999 -9999
1922.5 1910 1900 1896 1896 1909.333 1912 1900 1900 1900 1913 1917 1910 1962 1962 1962 1961.667 1910 1917 1955.5 1927 1927 1925 1930 1930 1945 2010 1937.333 1930 1900 1920 1906.667 1910 1899.5 1899 1900 1900 1900 1971 1962 1962 1962 1962 1962 1931.5 1901 1998 1930 1905 1900 1942.5 1985 1985 1953.611 -9999 -9999 -9999 -9999 -9999 -9999 -9999 -9999 -9999 -9999 -9999 -9999 -9999 -9999 -9999 -9999 -9999 -9999 -9999 -9999 -9999 -9999 -9999 -9999 -9999
1935 1913 1900 1900 1908 1903 1913 1904 1900 1900 1912 1924 1929 1945.5 1962 1962 1962 2013 1910 1947 1984 1910 1920 1910 1910 1910 1915 1920 1962 1981 1920 1920 1890 1900 1900 1890 1900 1890 1988 1980 1962 1962 1962 1962 1962 1962 1962 1905 1910 1900 1900 1900 1942.5 1956.667 -9999 -9999 -9999 -9999 -9999 -9999 -9999 -9999 -9999 -9999 -9999 -9999 -9999 -9999 -9999 -9999 -9999 -9999 -9999 -9999 -9999 -9999 -9999 -9999 -9999
1920 1925 1914 1915 1913 1913 1906 1906 1906 1908 1912 1910 1929 1929 1940 1962 1927 2013 1910 1910 1908.667 1910 1910 1910 1904 1907 1925 1901 1981 1981 1938.5 1951 1985 1920 1920 1880 1905 1900 1998 1986 1998 1962 1962 1962 1962 1962 1962 1903.333 1900 1900 1900 1900 1923.611 -9999 -9999 -9999 -9999 -9999 -9999 -9999 -9999 -9999 -9999 -9999 -9999 -9999 -9999 -9999 -9999 -9999 -9999 -9999 -9999 -9999 -9999 -9999 -9999 -9999 -9999
1908 1906 1914 1915 1906 1906 1906 1906 1906 1906 1906 1929 1929 1929 1929 1929 1929 1910 1910 1910 1910 1906 1940 1910 1910 1898 1898 1976.333 1981 1905.5 1910 1967 1901 1954.5 1920 1920 1910 1998 1998 1998 1962 1962 1962 1962 1962 1962 1900 1900 1910 1900 1900 1900 1900 -9999 -9999 -9999 -9999 -9999 -9999 -9999 -9999 -9999 -9999 -9999 -9999 -9999 -9999 -9999 -9999 -9999 -9999 -9999 -9999 -9999 -9999 -9999 -9999 -9999 -9999
1910 1910 1912.5 1915 1906 1906 1906 1906 1906 1906 1906 1935.5 1957 1929 1929 1929 1929 1910.5 1910 1910 1912 1906 1940 1961.5 1916.5 1898 1898 1974 1974 1926.667 1901 1920 1910 1989 1968 1955.5 1910 1998 1998 1998 1962 1962 1962 1962 1986 1963 1942 1900 1900 1900 1900 1900 1900 -9999 -9999 -9999 -9999 -9999 -9999 -9999 -9999 -9999 -9999 -9999 -9999 -9999 -9999 -9999 -9999 -9999 -9999 -9999 -9999 -9999 -9999 -9999 -9999 -9999 -9999
1915 1910 1910 1910 1906 1906 1906 1906 1906 1906 1906 1900 1971 1971 1918.333 1929 1955.5 1911 1910 1910 1929 1910 1964 1988 1935 1906 1898 1910 1964 1964 1915 1936.667 1940 1940 1935 2001 1910 1954 1998 1962 1962 1962 1962 1986 1986 1963 1963 1963 1963 1900 1900 1900 1900 -9999 -9999 -9999 -9999 -9999 -9999 -9999 -9999 -9999 -9999 -9999 -9999 -9999 -9999 -9999 -9999 -9999 -9999 -9999 -9999 -9999 -9999 -9999 -9999 -9999 -9999
1905 1910 1910 1910 1906 1906 1906 1906 1906 1906 1932 1916 1900 1987 1913 1913 1942 2000 1900 1915 1967 1910 1939.5 1940 1910 1910 1910 1965 1964.5 1964 1940 1960 1910 1939 1910 1910 1923.667 1910 1969.5 1957.5 1962 1962 1962 1962 1900 1942 1963 1963 1963 1900 1910.5 1900 1900 -9999 -9999 -9999 -9999 -9999 -9999 -9999 -9999 -9999 -9999 -9999 -9999 -9999 -9999 -9999 -9999 -9999 -9999 -9999 -9999 -9999 -9999 -9999 -9999 -9999 -9999
1900 1920 1910 1910 1906 1906 1906 1906 1906 1932 1932 1932 1932 1920.5 1909 1913 1913 1913 1910 1910 1910 1939 1939 1945 1962 1964 1984 1942.5 1965 1932.667 1893 1900 1910 1968 1940 1920 1920 1941 1986 1953 1940 1966 1962 1962 1920 1900 1963 1900 1900 1900 1930 1917 -9999 -9999 -9999 -9999 -9999 -9999 -9999 -9999 -9999 -9999 -9999 -9999 -9999 -9999 -9999 -9999 -9999 -9999 -9999 -9999 -9999 -9999 -9999 -9999 -9999 -9999 -9999
1920 1920 1903 1931.333 1906 1906 1906 1906 1906 1932 1932 1932 1932 1932 1900 1906.5 1913 1910 1910 1910 1910 1924.5 1939 1930 1960 1920 1958.889 1952.5 1920 1940 1965 1949 1962 1978 1940 1975 1975 1972.5 1970 1970 1910 1970 1956 1960 1960 1900 1900 1900 1900 1900 1936.9 1940.8 -9999 -9999 -9999 -9999 -9999 -9999 -9999 -9999 -9999 -9999 -9999 -9999 -9999 -9999 -9999 -9999 -9999 -9999 -9999 -9999 -9999 -9999 -9999 -9999 -9999 -9999 -9999
1901 1905 1903 1903 1985 1945.5 1906 1906 1932 1932 1932 1932 1932 1932 1907 1900 1914.667 1910 1910 1910 1916.667 1910 1911.667 1945 1910 1920 1952.5 1971.667 1985 1985 1920 1965 1920 1920 1975 1975 1975 1975 1976 1970 1970 1956 1956 1931 1940.667 1960 1900 1900 2002 2002 1931.1 1940.8 -9999 -9999 -9999 -9999 -9999 -9999 -9999 -9999 -9999 -9999 -9999 -9999 -9999 -9999 -9999 -9999 -9999 -9999 -9999 -9999 -9999 -9999 -9999 -9999 -9999 -9999 -9999
1904 1901 1903 1903 1985 1985 1905 1900 1932 1932 1932 1932 1932 1916.667 1914 1914 1913 1921 1948.5 1910 1930 1910 1895 1895 1920 1940 1940 1965 1965 1941.667 1965 1965 1910 1920 1975 1975 1975 1975 1979 1979 1942.667 1956 1931 1931 1931 1931 1915.5 1900 1900 2002 1933.1 1942.8 -9999 -9999 -9999 -9999 -9999 -9999 -9999 -9999 -9999 -9999 -9999 -9999 -9999 -9999 -9999 -9999 -9999 -9999 -9999 -9999 -9999 -9999 -9999 -9999 -9999 -9999 -9999
1910 1900 1900 1938.889 1985 1985 1910 1900 1908.5 1918.5 1932 1932 1932 1911 1925 1924.5 1910 1913 1987 2001 1965.667 1895 1895 1895 1920 1942.5 1942.5 1965 1912 1920 1940 1973 1965 1975 1975 1975 1975 1975 1979 1900 1900 1972 1917 1931 1931 1931 1931 1959 1905 1900 1935.1 1944.8 -9999 -9999 -9999 -9999 -9999 -9999 -9999 -9999 -9999 -9999 -9999 -9999 -9999 -9999 -9999 -9999 -9999 -9999 -9999 -9999 -9999 -9999 -9999 -9999 -9999 -9999 -9999
1930 1909 1900 1900 1931.667 1985 1911 1911 1912 1905 1930 1931 1932 1920.5 1911 1939 1910 1910 1987 2001 2001 2001 1969.333 1997 1965 1965 1920 1909.333 1920 1963 1920 1977 1977 1975 1975 1975 1910 1910 1946.667 1900 1972 1910 1910 1910 2008 1931 1931 2008 1910 1910 1926.5 1926.4 -9999 -9999 -9999 -9999 -9999 -9999 -9999 -9999 -9999 -9999 -9999 -9999 -9999 -9999 -9999 -9999 -9999 -9999 -9999 -9999 -9999 -9999 -9999 -9999 -9999 -9999 -9999
1900 1914.667 1918 1910 1900 1910 1910.667 1904 1907 1925 1930 1930 1900 1915 1930 1913 1910 1910 1953.333 2001 2001 2001 2001 1910 1947.5 1965 1950 1845 1963 1920 1920 1977 1975 1975 1975 1910 1910 1984.667 1970 1970 1910 1910 1910 1910 2008 2008 2008 2008 1910 1910 1937.909 1929.333 -9999 -9999 -9999 -9999 -9999 -9999 -9999 -9999 -9999 -9999 -9999 -9999 -9999 -9999 -9999 -9999 -9999 -9999 -9999 -9999 -9999 -9999 -9999 -9999 -9999 -9999 -9999
1900.667 1900 1926 1920 1920 1925 1925 1903 1967 2014 1911 1911 1900 1900 1913 1937 1937 1925 1929 1930 1957.667 2001 1964 1927.5 1930 1925 1925 1920 1900 1920 1920 1970 1972.5 1975 1975 1910 1989 2014 1970 1970 1910 1910 1910 1910 1910 2008 2008 2008 2008 1910 1955.5 -9999 -9999 -9999 -9999 -9999 -9999 -9999 -9999 -9999 -9999 -9999 -9999 -9999 -9999 -9999 -9999 -9999 -9999 -9999 -9999 -9999 -9999 -9999 -9999 -9999 -9999 -9999 -9999
1900 1902 1910 1913 1919 1925 1925 1903 1901 1986 1900 1900 1900 1900 1913 1952 1923.333 1910 1910 1928 1936 1936 1972 1948.5 1925 1920 1930 1903.333 1900 1964 1920 1970 1970 1950 1910 1910 1964 1964 1967 1970 1910 1910 1910 1910 1910 1910 1910 2008 2008 1973 1973 -9999 -9999 -9999 -9999 -9999 -9999 -9999 -9999 -9999 -9999 -9999 -9999 -9999 -9999 -9999 -9999 -9999 -9999 -9999 -9999 -9999 -9999 -9999 -9999 -9999 -9999 -9999 -9999
1910 1905.333 1891 1913 1913 1925 1926.333 1955 1955 1927 1895 1900 1923.333 1914 1913 1952 1930 1930 1933 1936 1910 2006 1972 1972 1978 1976 1976 1910 1900 1925 1970 1970 1970 1970 1970 1972.667 1964 1964 1964 1910 1910 1910 1910 1910 1910 1910 1910 1910 2008 1973 1973 -9999 -9999 -9999 -9999 -9999 -9999 -9999 -9999 -9999 -9999 -9999 -9999 -9999 -9999 -9999 -9999 -9999 -9999 -9999 -9999 -9999 -9999 -9999 -9999 -9999 -9999 -9999 -9999
1906 1915 1910 1905.333 1913 1940 1904 1920 1920 1927 1890 1890 1928 1928 1924 1917 1930 1930 1930 1917.5 1963 2006 1948.5 1972 1980 1955 1922.5 1920 1920 1925 1964 1969.667 1970 1970 1970 1970 1984 1942.5 1964 1910 1910 1910 1910 1910 1910 1910 1910 1910 1910 1973 1973 -9999 -9999 -9999 -9999 -9999 -9999 -9999 -9999 -9999 -9999 -9999 -9999 -9999 -9999 -9999 -9999 -9999 -9999 -9999 -9999 -9999 -9999 -9999 -9999 -9999 -9999 -9999 -9999
1908 1920 1903 1900 1903 1916.667 1910 1911 1913 1913 1907 1890 1928 1928 1931 1951 1940.5 1930 1930 1915 1920 1920 1922.5 1925 1980 1985 1925 1954.333 1963 1964 1964 1964 1975 1931.667 1910 1984 1921 1921 1910 1910 1910 1910 1910 1910 1910 1910 1910 1910 1973 1973 1973 -9999 -9999 -9999 -9999 -9999 -9999 -9999 -9999 -9999 -9999 -9999 -9999 -9999 -9999 -9999 -9999 -9999 -9999 -9999 -9999 -9999 -9999 -9999 -9999 -9999 -9999 -9999 -9999
1896 1900 1906 1906 1906 1915 1925 1912 1913 1913 1913 1918 1914.667 1924 1924 1929.333 1951 1931.667 1940 1880 1990 1916.667 1920 1931 1928 1925 1925 1950 1950 1968 1964 1964 1975 1975 1910 1926.333 1921 1910 1910 1910 1910 1910 1910 1910 1910 1910 1910 1910 1973 1973 1973 -9999 -9999 -9999 -9999 -9999 -9999 -9999 -9999 -9999 -9999 -9999 -9999 -9999 -9999 -9999 -9999 -9999 -9999 -9999 -9999 -9999 -9999 -9999 -9999 -9999 -9999 -9999 -9999
1896 1900 1900 1900 1900 1900 1910 1911 1940 1926.5 1913 1900 1910 1910 1910 1910 1927 1925 1930 1948 1910 1910 1920 1931 1931 1957 1912.5 1925 1970 1970 1970 1973.333 1975 1975 1920 1929 1929 1930 1910 1910 1910 1910 1910 1910 1910 1910 1910 1973 1973 1973 1973 -9999 -9999 -9999 -9999 -9999 -9999 -9999 -9999 -9999 -9999 -9999 -9999 -9999 -9999 -9999 -9999 -9999 -9999 -9999 -9999 -9999 -9999 -9999 -9999 -9999 -9999 -9999 -9999
1902 1900 1900 1900 1900 1906.667 1920 2007 1927.333 1940 1890.5 1895.5 1910 1910 1910 1910 1901 1901 1956 1962 1972 1944 1920 1920 1926 2014 1900 1977.5 1970 1970 1970 1975 1970 1970 1977 1977 1950 1950 1950 1930 1910 1910 1910 1910 1910 1910 1910 1973 1973 1973 1973 -9999 -9999 -9999 -9999 -9999 -9999 -9999 -9999 -9999 -9999 -9999 -9999 -9999 -9999 -9999 -9999 -9999 -9999 -9999 -9999 -9999 -9999 -9999 -9999 -9999 -9999 -9999 -9999
1900 1906 1912 1900 1900 1900 1900 1915 1921 1921 1900 1881 1915.667 1910 1910 1910 1929.5 1950 1939.222 1962 1962 1982 1930 1915.333 1931 1931 1910 2008 1954.5 1935.5 1970 1970 1970 1910 1910 1950 1950 1950 1950 1950 1950 1930 1910 1910 1910 1910 1973 1973 1973 1973 1973 -9999 -9999 -9999 -9999 -9999 -9999 -9999 -9999 -9999 -9999 -9999 -9999 -9999 -9999 -9999 -9999 -9999 -9999 -9999 -9999 -9999 -9999 -9999 -9999 -9999 -9999 -9999 -9999
1910 1905 1910 1926 1922.5 1910 1900 1909.667 1909 1916 1925 1906 1927 1910 1897 1884 1909 1950 1920 1935.667 1962 1920 1959 1900 1915 1923 1931 1986.5 2008 1901 1965 1967.5 1970 1970 1970 1950 1950 1950 1950 1950 1950 1950 1930 1910 1910 1910 1973 1973 1973 1973 1973 -9999 -9999 -9999 -9999 -9999 -9999 -9999 -9999 -9999 -9999 -9999 -9999 -9999 -9999 -9999 -9999 -9999 -9999 -9999 -9999 -9999 -9999 -9999 -9999 -9999 -9999 -9999 -9999
1910 1910 1910 1938 1935 1925 1910 1910 1910 1910 1913 1910 1935 1950 1935 1859 1953 1950 1942 1920 1925 1934.667 1920 1920 1915 1915 1909 1937 1965 1968 1965 1965 2004.5 1986 1970 1950 1950 1950 1950 1950 1950 1950 1950 1910 1900 1973 1973 1973 1973 1973 1973 -9999 -9999 -9999 -9999 -9999 -9999 -9999 -9999 -9999 -9999 -9999 -9999 -9999 -9999 -9999 -9999 -9999 -9999 -9999 -9999 -9999 -9999 -9999 -9999 -9999 -9999 -9999 -9999
1910 1845 1935 1935 1925 1925 1935.5 1943.333 1910 1910 1920 1900 1920 1906.5 1903 1859 1956 1910 1931.333 1964 1964 1920 1964 1921.667 1930 1930 1923 1909 1929 1958 1968 1929 2007 2002 1948 1950 1950 1950 1950 1950 1950 1950 1910 1900 1900 1961.5 1973 1973 1950 1973 1973 -9999 -9999 -9999 -9999 -9999 -9999 -9999 -9999 -9999 -9999 -9999 -9999 -9999 -9999 -9999 -9999 -9999 -9999 -9999 -9999 -9999 -9999 -9999 -9999 -9999 -9999 -9999 -9999
1800 1800 1800 1800 1929 1920 1911 1960 1960 1960 1920 1905 1910 1910 1881 1911 1912 1942.667 1910 1920 1942 1964 1964 1920 1915 1942 1930 1930 1910 1948 1934 1929 1901 1901 1947 1947 1947 1950 1950 1950 1950 1950 1910 1900 1950 1950 1950 1950 1950 1950 1950 -9999 -9999 -9999 -9999 -9999 -9999 -9999 -9999 -9999 -9999 -9999 -9999 -9999 -9999 -9999 -9999 -9999 -9999 -9999 -9999 -9999 -9999 -9999 -9999 -9999 -9999 -9999 -9999
1800 1800 1800 1800 1946 1929 1929.667 1960 1960 2010 1950 1941.333 1900 1910 1852 1910 1961.5 1959 1959 1920 1920 1936.5 1986 2009 1954 1954 1954 1960.5 1967 1910 1948 1925 1910 1947 1947 1947 1947 1947 1947 1950 1950 1910 1900 1900 1923.778 1950 -9999 -9999 1950 1950 1950 1950 -9999 -9999 -9999 -9999 -9999 -9999 -9999 -9999 -9999 -9999 -9999 -9999 -9999 -9999 -9999 -9999 -9999 -9999 -9999 -9999 -9999 -9999 -9999 -9999 -9999 -9999 -9999
