SpatialData/ALLBUILT_AGE_NOZONE_1/yearbuilt_0fill1900_nafillfocal_matchextent.asc
ncols         299
nrows         658
xllcorner     582840.57256934
yllcorner     4505984.7454546
cellsize      30
NODATA_value  -9999
[rows 560 to 594 of 658, columns 0 to 78 of 299]
-9999 -9999 -9999 -9999 -9999 -9999 -9999 -9999 -9999 -9999 -9999 -9999 -9999 -9999 -9999 -9999 -9999 -9999 -9999 -9999 -9999 2011 2011 2011 2011 2011 1949 1949 1910 1910 1967 1967 1967 1910 1910 2014 1922 1925 1927 1927 1900 1920 1966 1906.667 1910 1951.333 1989 1900 1915 1900 1952 1903 1900 1900 1900 1966 1966 1967 1967 1967 1967 1967 1947 1961 1930.5 1900 1900 1908 1900 1906.5 1915 1930 1900 1917 1905 1910 1920 1905 1900
-9999 -9999 -9999 -9999 -9999 -9999 -9999 -9999 -9999 -9999 -9999 -9999 -9999 -9999 -9999 -9999 -9999 -9999 -9999 -9999 -9999 2011.75 2011 2011 2011 2011 1949 1949 1910 1910 1907 1907 1900 1900 1900 1905 1910 1926.5 1927 1927 1899 1920 1966 1900 1910 1910 1955 1900 1900 1985 1900 1903 1903 1900 1900 2003 2003 1967 1967 1967 1967 1910 1940 1940 1961 1900 1900 1900 1916.5 1913 1900 2005.5 2006 2006 1910 1900 2003 1956.5 1910
-9999 -9999 -9999 -9999 -9999 -9999 -9999 -9999 -9999 -9999 -9999 -9999 -9999 -9999 -9999 -9999 -9999 -9999 -9999 -9999 -9999 2013.25 2012.5 2011 2011 2011 1949 1949 1910 1910 1907 1907 1900 1900 1900 1900 1910 1926 1926 1926 1915 1907 1910 1956.5 1900 1920 1900 1900 1900 1900 1900 1910 1941 1937 1915 1948 2003 1914 1985 1967 1967 1898.667 1896 1900 1905 1900 1900 1910 1920 1906.667 1900 2005 1904.5 1952.5 2006 1917 1951.5 2003 1916.667
-9999 -9999 -9999 -9999 -9999 -9999 -9999 -9999 -9999 -9999 -9999 -9999 -9999 -9999 -9999 -9999 -9999 -9999 -9999 -9999 -9999 2014 2014 2014 1962 1957.5 1952 1951 1937.333 1910 1907 1907 1900 1900 1900 1900 1910 1926 1926 1900 1926 1904 1910 1961.333 2013 1920 1900 1900 1900 1900 1907 1890 1880 2006 1910 1941 1900 1825 2003 2003 1900 1900 1900 1900 1941.333 1910 1900 1900 1947 1920 1900 1900 1910 1899 1974.667 1920 1900 1900 1915
-9999 -9999 -9999 -9999 -9999 -9999 -9999 -9999 -9999 -9999 -9999 -9999 -9999 -9999 -9999 -9999 -9999 -9999 -9999 -9999 -9999 2003.917 2014 2014 2014 1910 2005 1899 2003 1899 1960.333 2005 1910 1911 1918 1924 1924 1966.5 1926 1926 1926 1904 1951 1951 1920 1911.667 1900 1900 1936.333 1920 1907 1911.667 1900 1900 1902.333 1900 1920 1901.667 1900 2003 1908.5 1908.5 1900 2004 2004 1910 1905 1900 1949.333 1974 1920 1909.667 1900 1900 2002 2002 1950.5 1900 1910
-9999 -9999 -9999 -9999 -9999 -9999 -9999 -9999 -9999 -9999 -9999 -9999 -9999 -9999 -9999 -9999 -9999 -9999 -9999 -9999 -9999 2013 1984.75 1928.25 1905.5 1905.5 1900 1930 2003 2003 1920 1956 1910 1910 1912 1924 1924 2007 2007 1928 1928 1905 1900 1900 1900 1900 1935 1900 1900 1989 1913.333 1910 1925 1906 1912 1895 1908.333 1885 1920 1911.667 1900 1917 1900 1905 1957 2004 1910 1900 1900 1974 1920 1900 1929 1910 1920 2005 1975.333 2001 1950.5
-9999 -9999 -9999 -9999 -9999 -9999 -9999 -9999 -9999 -9999 -9999 -9999 -9999 -9999 -9999 -9999 -9999 -9999 -9999 -9999 1978.125 1989.75 2013 1956.5 1900 1911 1911 1899 1915 1920 1910 1910 1929 1916.333 1910 1924 1924 2007 2007 1910 1910 1910 1905 1900 1903 1899 1935 1900 1900 1905 1910 1920 1925 1900 1900 1900 1920 1920 1920 1915 1920 1900 1900 1900 1910 1915 1901 1901 1986 1986 1902.5 1900 1991 1900 1920 2005 2005 1920 2001
-9999 -9999 -9999 -9999 -9999 -9999 -9999 -9999 -9999 -9999 -9999 -9999 -9999 -9999 -9999 -9999 -9999 -9999 -9999 -9999 1978.125 1966.5 1966.5 2013 1900 1899 1899 1909 1909 1910 2008 1910 1929 1929 1910 1928 1928 1900 1902.5 1905 1910 1910 1910 1900 1900 1910 1900 1900 1910 1906.667 1900 1920 1895.333 1907 1900 1905 1903.333 1900 1888 1900 1915 1900 1900 1900 1900 1915 1901 1901 1855 1910 1905 1905 1899.5 1900 1900 2005 1962.5 1920 2007
-9999 -9999 -9999 -9999 -9999 -9999 -9999 -9999 -9999 -9999 -9999 -9999 -9999 -9999 -9999 -9999 -9999 -9999 -9999 -9999 2001.917 1989.75 1966.5 1920 1926 1899.5 1899 1909 1909 1915 2005 2005 1929 1929 1910 1910 1910 1900 1900 1905 1905 1910 1910 1900 1900 1900 1900 1895 1895 1910 1910 1900 1900 1879 1879 1900 1910 1900 1882 1882 1900 1900 1900 1900 1900 1901 1901 1860 1800 1910 1991 1991 1899 1899 1910 1973.333 2005 2008.5 1966
-9999 -9999 -9999 -9999 -9999 -9999 -9999 -9999 -9999 -9999 -9999 -9999 -9999 -9999 -9999 -9999 -9999 -9999 -9999 -9999 2007 2009 2013 2013 2013 1900 1900 2007 2007 2013 2013 1910 1910 1910 1910 1910 1910 1910 1917.5 1925 1900 1900 1936.333 1900 1999 1916 1948 1910 1880 1915 1910 1909 1900 1900 1910 1910 1900 2001 1904 1900 1900 1900 1900 1913.5 1900 1900.333 1901 1942.333 1920 1900 1991 1991 1910 1900 1910 1910 2005 2005 2012
-9999 -9999 -9999 -9999 -9999 -9999 -9999 -9999 -9999 -9999 -9999 -9999 -9999 -9999 -9999 -9999 -9999 -9999 -9999 -9999 2007 2007 2007 2007 1963.5 1915 1910 1973.5 2007 1940 1919 1910 1910 1910 1910 1910 1910 1910 1910 1925 1900 1900 1900 2009 1900 1900 1900 1909.667 1900 1920 1953.5 1951 1915 1946.667 2005 1900 1907.667 1900 1999 1900 1900 1900 1900 1927 1903.333 1900 1900 1900 2007 1926.667 1925 1948 1920 1900 2003 2003 2003 1920 1920
-9999 -9999 -9999 -9999 -9999 -9999 -9999 -9999 -9999 -9999 -9999 -9999 -9999 -9999 -9999 -9999 -9999 -9999 -9999 -9999 1958.5 2007 2007 2007 2007 1920 1910 1920 1940 1940 1928 1930 1930 1930 1930 1930 1915 1910 1910 1914 1900 1900 2009 2009 1900 1900 1876.5 1900 1929 1900 1920 1987 1917.5 1915 1920 2005 1903 1920 1900 1900 1900 1900 1915 1918 1910 1900 1900 1900 1900 1955 1900 1924 1952 1920 1956.5 2003 2003 2003 1943.333
-9999 -9999 -9999 -9999 -9999 -9999 -9999 -9999 -9999 -9999 -9999 -9999 -9999 -9999 -9999 -9999 -9999 -9999 -9999 -9999 1910 1910 1910 1958.5 2007 1943 1943 1910 1910 1928 1928 1928 1930 1930 1930 1930 1920 1920 1990 1990 1930 1930 1929 1928 1947 1947 1897 1853 1900 1900 1900 1900 1906.667 1920 1900 1913.333 1900 1909 1900.333 1900 1900 1913.333 1915 1926 1926 1943 1900 1900 1900 1897 1910 1900 1920 2009 1977.667 1910 2003 2003 1965
-9999 -9999 -9999 -9999 -9999 -9999 -9999 -9999 -9999 -9999 -9999 -9999 -9999 -9999 -9999 -9999 -9999 -9999 -9999 1921.75 1910 1910 1910 1910 1917.5 1915 1910 1910 1915 1920 1920 1927 1927 1930 1930 1930 1920 1920 1990 1990 1913.333 1930 1930 1928 1900 1920 1920 1918 1913.333 1900 1900 1890.667 1900 1900 1893.333 1900 1940 1900.5 1901 1900 1900 1910 1915 1926 1926 1986 1900 1900 1903.5 1897 1914 1910 2010 1954.5 2009 2014 2003 2003 1965
-9999 -9999 -9999 -9999 -9999 -9999 -9999 -9999 -9999 -9999 -9999 -9999 -9999 -9999 -9999 -9999 -9999 -9999 -9999 1957 1933.5 1910 1910 1929 1920 1920 1920 1910 1910 1920 1920 1927 1927 1882 1930 1930 1910 1910 1910 1959 1910 1900 1920 1918 1900 1900 1940 1920 1920 1920 1900 1872 1900 1920 1880 1900 1924 1900.667 1900 1884 1939.667 2007 1936 1972 1880 1900 1900 1900 1910 1910 1905 1910 1920 1900 1900 1900 2014 2014 1965
-9999 -9999 -9999 -9999 -9999 -9999 -9999 -9999 -9999 -9999 -9999 -9999 -9999 -9999 -9999 -9999 -9999 -9999 -9999 1938.778 1980.5 1957 1910 2004 2010 2010 1915 1918.333 1910 1962 1962 1921 1927 1882 1912.5 1910 1910 1910 1910 2008 2008 1905 1900 2008 1910 1900 1920 1900 1900 1900 1910 1900 1900 1935 1900 1880 1900 1900 1902 1904.667 1900 1912 1905 1900 1999 1908.667 1900 1910 1920 1900 1905 1900 1920 2006 1963 1906.667 1900 1965 1965
-9999 -9999 -9999 -9999 -9999 -9999 -9999 -9999 -9999 -9999 -9999 -9999 -9999 -9999 -9999 -9999 -9999 -9999 -9999 1906 1929.833 2004 2004 2004 1962.5 2010 1917.5 1915 1930 2008 1915 1915 1895 1905 1915 1910 1910 1910 1910 1959 2008 1910 1917.5 1922.5 1930 1900 1903.333 1900 1900 1900 1913.333 1920 1900 2005 1900 1900 1900 1900 1900 1907 1907 1926 1918 1910 1900 1926 1900 1905 1900 1900 1915 1900 1900 1942 2006 1920 1900 1965 1965
-9999 -9999 -9999 -9999 -9999 -9999 -9999 -9999 -9999 -9999 -9999 -9999 -9999 -9999 -9999 -9999 -9999 -9999 -9999 1906 1906 1879.5 1853 1884 1915 1915 1916.5 1920 1915 1915 1915 2003 1900 1890 1920 1910 1910 1910 1910 1910 1996 1996 1920 1915 1905 1900 1910 1900 1900 1910 1920 1900 1910 1920 1900 1887.333 1862 1900 1903.333 1900 1910 1926 1926 1900 1900 1900 1900 1958 1910 1910 1922 1900 1910 1900 1920 1920 1920 1965 1965
-9999 -9999 -9999 -9999 -9999 -9999 -9999 -9999 -9999 -9999 -9999 -9999 -9999 -9999 -9999 -9999 -9999 -9999 -9999 1926.25 1906 1906 1853 1853 1915 1915 1913 1913 1910 1910 1910 1910 1913.333 1920 1920 1905 1910 1892.5 1922.667 1958 1996 1996 1978 1920 1910 1911.667 1900 1910 1906.667 1900 1900 1906.667 1900 1900 1900 1900 1900 1862 1910 1900 1900 1913 1926 1900 1918.667 1900 1910 1982 1982 1968 1900 1900 1910 1920 1920 1900 1965 1965 1965
-9999 -9999 -9999 -9999 -9999 -9999 -9999 -9999 -9999 -9999 -9999 -9999 -9999 -9999 -9999 -9999 -9999 -9999 -9999 1966.75 1946.5 1906 1906 1906 1920 1915 1913 1913 1910 1910 1910 1910 1910 1910 1910 1900 1900 1895 1890 1920 1920 1961 2007 2007 2007 1920 1915 1908.333 1900 1920 1880 1920 1900 1900 1900 1957 2014 1900 1900 2005 1900 1900 1900 1910 1956 1900 1941 1982 1982 2000 2004 1920 1906.667 1900 1920 1994 1965 1965 1946.5
-9999 -9999 -9999 -9999 -9999 -9999 -9999 -9999 -9999 -9999 -9999 -9999 -9999 -9999 -9999 -9999 -9999 1900 1900 1987 1987 1987 1987 1987 1987 1915 1917.5 1962 1944.333 1900 1910 1910 1910 1910 1910 1930 1900 1900 1890 1916.25 1917.5 1915 1915 2007 1960 1963 1900 1915 1910 2005 2005 2005 1894 1900 1900 1900 1877 1890 1900 1900 1900 1906.5 1900 1900 1922 2012 1900 1900 1900 1900 2008 1960 1920 1900 1900 1965 1965 1965 1900
-9999 -9999 -9999 -9999 -9999 -9999 -9999 -9999 -9999 -9999 -9999 -9999 -9999 -9999 -9999 -9999 -9999 1900 1900 1987 1987 1987 1987 1987 1987 1958 1915 1920 2004 1929 1910 1910 1910 1910 1910 1960 1960 1960 1890 1915 1917.5 1920 1927.333 1924 1928 1915 1916.667 1915 1920 1917.5 1945 2005 1905 1910 1890 1900 1874 1880 1900 1900 1900 1913 1900 1956 1951 1900 1900 1900 1900 1900 1900 1950 2000 2000 1900 1965 1965 1965 1900
-9999 -9999 -9999 -9999 -9999 -9999 -9999 -9999 -9999 -9999 -9999 -9999 -9999 -9999 -9999 -9999 -9999 1900 1983.37 1987 1987 1987 1987 1987 1987 2001 2001 1915 2004 1929 1910 1910 1910 1910 1910 1930 1960 1945 2005 1915 1915 1920 1938 1920 1920 1910 1920 1915 1920 1920 1915 1915 1910 1900 1900 1922.333 1900 1900 1900 1900 1907.5 1905 1900 1910 2002 1900 1991 2006 1900 1900 1900 1905 1900 1900 1900 1965 1965 1900 1900
-9999 -9999 -9999 -9999 -9999 -9999 -9999 -9999 -9999 -9999 -9999 -9999 -9999 -9999 -9999 -9999 -9999 -9999 1980 1983.111 1987 1987 1987 1987 1987 1915 1922.5 1930 1920 1955 2000 1938.333 1910 1910 1910 1900 1900 1915 1915 1914 1915 2007 1938 1910 1913.333 1915 1915 1870 1945.667 1910 1920 1915 1920 1920 1910 1900 1967 1900 1900 1900 1905 1910 1951.5 1900 1920 1938 1976 2006 1900 1900 1906.667 1910 1910 1905 1965 1965 1965 1964.333 1900
-9999 -9999 -9999 -9999 -9999 -9999 -9999 -9999 -9999 -9999 -9999 -9999 -9999 -9999 -9999 -9999 -9999 1940 1980 1980 1982.333 1987 1987 1987 1987 1915 1915 1930 1930 1910 2000 2000 1905 1905 1915 1915 1915 1915 1925.333 1913 1913 1925.5 1938 1910 1910 1915 1915 1915 1915 2012 1912.5 1915 1910 1920 1920 1943.5 1967 1900 1900 1903.333 1905 1910 1961.5 2003 1900 1900 1900 1915 1900 1900 1905 1905 1905 1921.667 1965 1965 2005 2005 1988
-9999 -9999 -9999 -9999 -9999 -9999 -9999 -9999 -9999 -9999 -9999 -9999 -9999 -9999 -9999 -9999 -9999 1940 1980 1980 1980 1980 1980 1975 1975 2005 1972.5 1921.667 1910 1910 1915 1910 1915 1924 1924 1915 1915 1915 1950 1913 1913 1913 1900 1905 1910 1915 1912.5 1915 1915 1915 1911.667 1910 1910 1921.333 1935 1920 1937.667 1900 1905 1905 1900 1914 1910.333 1920 1900 1900 1924 1924 1900 1900 1902.5 1905 1910 1900 1900 1948.333 2005 2005 1910
-9999 -9999 -9999 -9999 -9999 -9999 -9999 -9999 -9999 -9999 -9999 -9999 -9999 -9999 -9999 -9999 -9999 1940 1980 1980 1980 1980 1980 1975 1975 1980.5 2005 1940 1915 1915 1915 1915 1918 1921 1920 1917.5 1915 1926.667 1950 1956 1913 1913 1923 1900 1911.667 1920 1910 1918.5 1910 1919 1915 1910 1910 1915 1914 1914 2002 1911 1936.667 1905 1901 1920 1900 1911 1920 1900 1900 1948 1910 1920 1925.667 1900 1910 1900 1900 1920 1920 1903.333 1910
-9999 -9999 -9999 -9999 -9999 -9999 -9999 -9999 -9999 -9999 -9999 -9999 -9999 -9999 -9999 -9999 -9999 1940 1980 1980 1980 1980 1975 1975 1975 1974 1956 1915 1920 1915 1915 1910 1915 1921 1917.5 1920 1915 1915 1915 1999 1999 1932 1954 1915 1895 1920 1918.5 1927 1927 1927 1915 1915 1925.333 1915 1930 1947.667 1915 1905 1915 1990 1905 1900 1901 2006 1904.667 1905 1900 1900 1900 1948.5 1977 1900 1950 1900 1900 1910 1920 1900 1900
-9999 -9999 -9999 -9999 -9999 -9999 -9999 -9999 -9999 -9999 -9999 -9999 -9999 -9999 -9999 -9999 -9999 1940 1980 1980 1980 1980 1975 1975 1975 1935.333 1992 1925 1930 1919 1917 1915 1915 1910 1915 1915 1945 1915 1910 1999 1999 1913.333 1910 1901.5 1915 1915 1910 1915 1915 1915 1915 1910 1900 1961 1926.333 1964 1964 1900 1900 1996 1910 1900 1905 1909.5 1909 1900 1897.5 1900 1900 1910 1920 1900 1900 1900 1900 1929.667 1900 1900 1900
-9999 -9999 -9999 -9999 -9999 -9999 -9999 -9999 -9999 -9999 -9999 -9999 -9999 -9999 -9999 -9999 -9999 1980 1980 1980 1980 1976.667 1975 1975 1915 1915 1899 1920 1930 1917 1919 1915 1915 1915 1911.667 1915 1915 2005 1890 1912.5 1915 1915 1915 1888 1920 1930 1915 1915 1915 1915 1907.5 1900 1915 1907.5 1900 1915 1915 1915 1942.333 1996 1915 1900 1900 1910 1906 1915 1912.5 1895 1895 1906.667 1900 1900 1900 1900 1900 1900 1989 1900 1900
-9999 -9999 -9999 -9999 -9999 -9999 -9999 -9999 -9999 -9999 -9999 -9999 -9999 -9999 -9999 -9999 -9999 1980 1980 1980 1980 1980 1975 1975 1920 1910 1900 1905 1910 1912.5 1915 1925 1920 1920 1910 1910 1897.333 1867 1900 1910 1912.5 1927.333 1900 1915 1915 1915 1915 1915 1915 1915 1915 1907.5 1915 1912.333 1915 1912.5 1915 1915 1921 1910 1910 1915 1920 1907.667 1912 1900 1930 1923 1920 1920 1900 1930 1900 1900 1900 1900 1900 1903 1900
-9999 -9999 -9999 -9999 -9999 -9999 -9999 1989 1989 1989 1989 -9999 1989 1989 -9999 -9999 -9999 1980 1980 1980 1980 1980 1975 1975 1917.5 1920 1900 1900 1910 1912.5 1910 1915 1940 1910 1910 1910 1910 1915 1910 1912.5 1910 1915 1967 1869 1869 1910 1910 1915 1917.5 1915 1915 1900 1928.5 1907 1915 1910 1910 1951.5 1906.667 1910 1959.5 1915 1900 1912 1899 1906 1912 1923 1900 1905 1910 1900 1900 1900 1913.333 1900 2002 1909 1900
-9999 -9999 -9999 -9999 -9999 -9999 -9999 1989 1989 1989 1989 1989 1998 1989 1989 1989 1989 1980 1980 1980 1980 1980 1975 1975 1923 1915 1920 1915 1915 1925 1915 1920 1940 2008 1974 1910 1882 1915 1915 1915 1915 1915 1915 1917.5 1915 1915 1915 1900 1916.667 1920 1910 1935 1950 1915 1920 1920 1900 2003 1900 1910 1943 2004 1921.5 1943 1943 1915 1900 1920 1908.333 1900 1910 1960 1960 1920 1920 1920 1906.333 1909 1900
-9999 -9999 -9999 -9999 -9999 -9999 -9999 1989 1989 1989 1989 1989 1989 1989 1989 1989 1989 1980 1980 1980 1980 1975 1975 1975 1925.5 1931 1920 1900 1930 1930 1930 1920 1910 1960.5 2006 2006 1929 1948 1912.5 1915 1915 1915 1915 1920 1915 1952.5 1940 1915 1915 1915 1910 1914 1920 1915 1920 1907.5 1905 1900 1910 1908.333 1915 1910 1969.333 1900 1920 1929 1916 1907.5 1900 1925 1910 1960 1960 1900 1900 1905 1910 1900 1917.5
-9999 -9999 -9999 -9999 -9999 -9999 1989 1989 1989 1989 1998 1998 1998 1998 1989 1989 1989 1962.5 1980 1980 1980 1975 1975 1975 1920 1920 1925 1900 1927.5 1930 1930 1930 1929 1922 1915 2006 1910 1900 1905 1910 1910 1915 1915 1915 1917.5 1915 1990 1915 2012 1944 1900.333 1911 1911 1965.333 1920 1913.333 1910 1910 1947 1910 1900 1900 2004 2004 1909.667 1929 1915 1917.5 1915 1910 1960 1960 1960 1900 1900 1900 1905 1910 1915
