SpatialData/ALLBUILT_AGE_NOZONE_1/yearbuilt_0fill1900_nafillfocal_matchextent.asc
ncols         299
nrows         658
xllcorner     582840.57256934
yllcorner     4505984.7454546
cellsize      30
NODATA_value  -9999
[rows 280 to 314 of 658, columns 158 to 236 of 299]
1909 1910 1900 1900 1900 1900 1900 1900 1920 1900 1915 1903 1906 1955 2010 1890 1938 1929 1920 1920 1900 1900 1925 1924.444 1925 1923.667 1926 1926 1953 1996 1999 2006 1960 1920 1960 2000 2000 2000 2000 2000 1994.333 1957 1976 1976 1976 1960.5 1921 2010 1926 1988 1992 1950.5 2001 2002 2002 2002 1910 1925 1925 1986 1986 1986 1985 1942 1900 1899 1910 1900 1910 1942 1974 1974 1974 1974 1942 1910 1920 1957 1957
1908 1904.167 1900 1900 1900 1900 1900 1920 1920 1900 1900 1900 1985 1956.667 1900 2006 1938 1938 1916 1890 1910 1920 1925 1925 1923.333 1925 1920 1910 1910 1981 1950.5 1920 1920 1915 1920 1911.5 1955 2000 1920 2000 2013 2013 1979.5 1976 1976 2000 2000 1996 1988 1988 2012 1968.333 1900 2001.333 2002 1910 1900 1943 1986 1986 1986 1986 1986 1984 1931.333 1910 1900 1910 1905 1910 1989 1974 1974 1974 1974 1974 1957 1957 1957
1908 1900 1912.5 1925 1900 1900 1910 1920 1920 1959.333 1900 1900 1985 1985 1985 1956 1910 1938 1938 1920 1920 1920 1920 1925 1925 1920 1912.5 1910 1910 1981 1981 1981 1926 1901 1910 1913 1910 2006 2009.5 2013 2013 2013 1983 1983 2000 2000 2000 2000 2000 2000 2004 2004 2001 2001 2001 1906.667 1900 1900 1986 1986 1986 1986 1984 1984 1984 1900 1920 1910 1910 1900 2004 1905 1942 1974 1974 1974 1957 1957 1957
1900.833 1900 1900 1925 1906 1959.333 1900 1900 1989 1989 1989 1947.5 1985 1985 2002 2002 1910 1915 1910 1920 1920 1915 1915 1915 1900 1904 1907.5 1915 1940.5 1981 1981 1981 1954 1923 1892 1910 2006 2006 2006 1960.5 1915 1915 1983 1983 1958 1992.333 2000 2000 2000 2000 2002.5 2001.667 2001 2001 1910 1910 1910 1910 1910 1910 1986 1960 1968 1984 1900 1900 1930 1910 1913.333 1920 1920 1900 1910 1953.5 1997 1957 1957 1957 1957
1900 1902.5 1902.5 1900 1906 1989 1989 1989 1989 1989 1989 1910 1910 1950 1985 1910 1900 1920 1896.667 1900 1920 1915 1915 1915 1904.667 1904 1907.5 1900 1900 1912.5 1915 1954 1954 1954 1954 1980 2006 2006 2006 2006 1915 2003 2003 1912 1912 2004 1973 1982 2000 2003 2003 2002 2002 1910 1910 1910 1910 1910 1972.5 1980.5 1986 1960 1960 1960 1930 1900 1920 1947.333 1910 1910 1998 1992 1920 1910 1997 1957 1957 1957 1957
1900 1900 1905 1962 2005 1989 1989 1989 1989 1910 1910 1910 1910 1915 1918 1915 1920 1920 1890 1900 1915 1915 1915 1900 1910 1900 1920 1915 1900 1910 1915 1932 1954 1954 1954 1954 1954 1927 1900 2003 2003 2003 2003 1910 1998 1998 1998 1973 1973 1971.333 2003 2002 2002 1910 2014 1962 1910 1999 1970 1975 1937.5 1960 1960 1960 1960 1930 1964 2008 1924 1999 2004 1952 1952 1910 1957 1957 1957 1957 1957
1905 1900 1900 1919 1890 1923 1989 1989 1989 1910 1910 1910 1915 1915 1926 1910 1920.5 1910 1900 1925 1907.5 1915 1934.667 1900 1910 2003 1912.5 1925 1905 1900 1910 1910 1910 1954 1954 1954 1954 1954 1954 1978.5 2003 2003 1959.5 1910 1915 1959 1998 1910 1970 1910 2001 1972.667 1910 1920 1962 2014 1915 1917.5 1920 1975 1915 1915 1993.333 1960 2008 2008 1931.667 1920 1943.333 1900 1910 1910 1994 1959.5 1958.5 1957 1957 1957 1957
1910 1939.5 1925 1910 1896.667 1890 1890 1944.5 1989 1910 1910 1910 1910 1918 1926 1926 1921 1920 1904 1901.778 1900 1900 2004 1900 1908.333 1900 1907.5 1900 1910 1946.667 1932 1910 1910 1954 1954 1954 1954 1954 1954 1954 1954 1975.667 2009 2009 1910 1920 1985 2000 2000 2000 2000 2004 2004 1910 1910 1910 1915 1915 1972 1910 1910 1920 2010 2010 2010 1910 1910 1965 1965 1965 1932.5 1900 1900 1960 1960 1960 1960 1957 1957
1900 1939 1940 1900 1900 1900 1905 1900 1910 1910 1910 1910 1910 1910 1910 1915.5 1921 1911 1920.5 1904 1901.333 1900 1900 1900 1910 1915 1954.5 1915 1920 1954 1954 1954 1954 1954 1954 1954 1954 1954 1954 1954 1954 1959 1959 1934.5 1910 1930 1985 1931.5 1910 1910 1910 1910 2004 1910 1910 1907.5 1915 1920 1972 2009.5 1971 1954 2009 1930 2010 1924 1922.667 1910 1910 1965 1965 1920 1920 1960 1960 1960 1960 1960 1956
1924.5 1909 1929 1901.667 1900 1915.667 1905 1910 1910 1910 1910 1910 1910 1910 1910 1910 1910 1910 1929 1937 1904 1900 1904.667 1914 1900 1915 1994 1994 1929.667 1954 1954 1954 1954 1954 1954 1954 1954 1954 1954 1954 1959 1959 1959 1959 1959 1959 1981 1953 1910 1910 1930 1910 1910 1910 1910 1900 1905 1900 1960 2010 2009 1950 1920 1930 1905 1900 1948 1910 1937.5 1965 1965 1920 1900 1900 1930 1960 1960 1960 1956
1940 1920 1910 1900 1905 1929 1913 1910 1910 1910 1910 1910 1910 1910 1910 1910 1910 1910 1910 1940 1970 1900 1900 1900 1935.333 1900 1994 1994 1920 1915 1932 1954 1954 1954 1954 1954 1954 1954 1954 1954 1959 1959 1959 1959 1959 1959 1977 2009 2009 1910 1930 1910 1910 1910 1910 1925 1910 1900 1946 1910 1900 1900 1910 1910 1916.667 1910 1900 1910 1910 1905 1915 1920 1900 1900 1900 1953.5 1981.5 1956 1956
1920 1920 1920 1903.667 1900 1920 1913 1910 1910 1910 1910 1910 1910 1910 1910 1910 1910 1910 1910 1910 1910 1901 1901 1900 1900 2006 1900 1910 1920 1920 1910 1967 1960.5 1954 1954 1954 1954 1954 1954 1959 1959 1959 1959 1959 1959 1961 1961 1961 1944 1910 1960 1910 1910 1910 1910 1930 1950 1910 1920 2008 1965.333 1910 1910 1900 1910 1930 1945.667 2007 2007 1900 1910 1905 1900 1900 2003 1900 2007 1900 1928
1909.167 1910 1900 1910 1901 1929 1910 1910 1910 1910 1910 1910 1910 1910 1910 1910 1910 1910 1910 1910 1910 1910 1910 1920 1920 2006 1905.556 1900 1910 1920 1967 1967 1967 1967 1960.5 1954 1954 1954 1954 1959 1959 1959 1959 1959 1959 1963.333 1961 1961 1961 1961 1934.667 1910 1910 1910 1910 1910 1924.667 1900 1900 1910 2007 1979 1905 1900 1890 2003 1920 1910 1959 2008 1910 1938.667 1910 2003 2003 2005 2005 1900 1900
1905 1912.5 1920 1920 1956 1929 1910 1910 1910 1910 1910 1910 1910 1910 1910 1910 1910 1910 1910 1910 1910 1910 1910 1910 1910 1910 1910 1906.667 1900 1911.5 1943.5 1967 1967 1967 1967 1978 1971.5 1954 1959 1959 1959 1959 1959 1959 1968 1968 1961 1961 1961 1961 1947 1947 1928.5 1910 2005 1922 1959 1915 1915 1910 1910 1910 1933.333 1910 1915 1910 1999 1910 1910 1928.5 1910 1910 1996 2003 2003 1973 2005 1910 1900
1901.667 1905 2002 1979 1956 1910 1910 1910 1910 1910 1910 1910 1910 1910 1910 1910 1910 1910 1910 1910 1910 1910 1910 1910 1910 1910 1910 1910 1910 1903 1920 1935.667 1967 1967 1967 1967 1989 1989 1974 1959 1959 1959 1959 1959 1963.333 1968 1961 1961 1961 1947 1947 1947 1947 1947 1928.5 1910 2008 1910 1920 1921 1920 1980 1980 1910 1910 1925 1925.333 1910 1910 1947 1928.5 1955.667 1996 1910 1987 2004 1910 1900 1956
1900 1900 2002 2002 1910 1910 1910 1910 1910 1910 1910 1910 1910 1910 1910 1910 1910 1910 1910 1910 1910 1910 1910 1910 1910 1910 1910 1910 1906.5 1903 1920 1920 1920 1935.667 1967 1989 1989 1989 1989 1976.667 1959 1959 1959 1961 1961 1961 1961 1961 1961 1947 1947 1947 1947 1947 1947 1936 1928 1920 1922 1922 1920 1900 1900 1900 1910 1916 1916 1950 1927.833 1947 1947 1910 1961 1940.667 1900 1900 1920 1900 1900
1986 1951 2002 2002 1910 1910 1910 1910 1910 1910 1910 1910 1910 1910 1910 1910 1910 1910 1910 1910 1910 1910 1910 1910 1910 1910 1910 1910 1910 1910 1917.5 1925 1920 1920 1920 1964.5 1989 1989 1989 1989 1982 1970.5 1959 1961 1961 1961 1961 1961 1947 1947 1947 1947 1947 1947 1950 1936 1936 1963.333 1962 1910 1905 1900 1900 1905 1910 1910 1910 1910 1900 1936.5 1967 1961 1961 1961 1961 1900 1900 1926 1900
1986 1900 1961 2002 1910 1910 1910 1910 1910 1910 1910 1910 1910 1910 1910 1910 1910 1910 1910 1910 1910 1910 1910 1910 1910 1910 1910 1910 1910 1910 1910 1910 1915 1920 1940 1940 1974 1979 1989 1982 1982 1982 1910 1935.5 1961 1961 1961 1961 1947 1947 1947 1947 1947 1947 1952.667 1964 1964 1964 1964 1958 1934 1910 1890 1900 1910 1910 1935 1960 1915 1900 1973 1935.333 1961 1961 1961 1900 1900 1917.667 1952
1986 1930 1920 1910 1910 1910 1910 1910 1910 1910 1910 1910 1910 1910 1910 1910 1910 1910 1910 1910 1910 1910 1910 1910 1910 1910 1910 1910 1910 1910 1910 1910 1910 1910 1987.444 1974 1974 1974 1974 1978 1982 1982 1910 1910 1910 1935.5 1961 1947 1947 1947 1947 1947 1947 1947 1947 1947 1964 1964 1964 1958 1958 1924 1890 1910 1910 1910 1910 1918.333 1930 1930 1973 1915 1930 1925.667 1961 1920 1910 1900 1901
1958.5 1930 1930 1910 1910 1910 1910 1910 1910 1910 1910 1910 1910 1910 1910 1910 1910 1910 1910 1910 1910 1910 1910 1910 1910 1910 1910 1910 1910 1910 1910 1910 1910 1910 2008 1980.333 1974 1974 1974 1974 2010 1960 1910 1910 1910 1910 1925 1947 1947 1947 1947 1947 1947 1947 1947 1947 1947 1964 1958 1958 1958 1958 1958 1934 1910 1900 1910 1910 1915 1920 1900 1900 1900 1910 1906 1910 1915 1920 1901
1987 1930 1910 1910 1910 1910 1910 1910 1910 1910 1910 1910 1910 1910 1910 1910 1910 1910 1910 1910 1910 1910 1910 1910 1910 1910 1910 1910 1910 1910 1910 1910 1910 1910 2008 2008 1959 1931.333 1974 1974 1960 2010 2011 1960.5 1910 1910 1910 1918 1934.333 1947 1947 1947 1947 1947 1947 1947 1947 1947 1958 1958 1958 1958 1958 1958 1958 1958 1910 1910 1910 1920 1951.5 1925 1950 1900 1900 1903.333 1910 1893.333 1900
1930 1910 1910 1910 1910 1910 1910 1910 1910 1910 1910 1910 1910 1910 1910 1910 1910 1910 1910 1910 1910 1910 1910 1910 1910 1910 1910 1910 1910 1910 1910 1910 1910 1910 2008 2008 2008 1910 1910 1945.333 1910 1910 2011 2011 1910 1965 1918 1910 1926 1930 1975.5 1947 1947 1947 1947 1947 1947 1958 1958 1958 1958 1958 1958 1958 1958 1958 1959 1939.5 1920 1900 2003 1900 1900 1900 1900 1900 1900 1890 1890
1910 1910 1910 1910 1910 1910 1910 1910 1910 1910 1910 1910 1910 1910 1910 1910 1910 1910 1910 1910 1910 1910 1910 1910 1910 1910 1910 1910 1910 1910 1910 1910 1910 1924 1943.5 1963.667 2008 1935 2009 1963 1963 1983.5 2004 1910 1910 2001 1976 1926 1926 1930 2004 1956 1974.5 1947 1947 1947 1947 1958 1958 1958 1958 1958 1958 1958 1958 1959 1959 1959 1959 1978.5 1998 1900 1900 1900 1905 1905 1900 1901 1900
1910 1910 1910 1910 1910 1910 1910 1910 1910 1910 1910 1910 1910 1910 1910 1910 1910 1910 1910 1910 1910 1910 1910 1910 1910 1910 1910 1910 1910 1910 1910 1910 1910 1941.5 1924 1963 1920 1920 1920 1963 1963 1963 1961 1957 2001 2001 2001 2001 1918.667 1926 1910 1910 2002 1986 1953.5 1947 1958 1958 1958 1958 1939 1958 1958 1958 1958 1959 1959 1959 1959 1959 1939.333 1900 1910 1900 1900 1910 1900 1948 1996
1910 1910 1910 1910 1910 1910 1910 1910 1910 1910 1910 1910 1910 1910 1910 1910 1910 1910 1910 1910 1910 1910 1910 1910 1910 1910 1910 1910 1910 1910 1910 1910 1998 1959 1959 1959 1920 1920 1951 1957 1963 1963 1963 1963 1982 2001 2001 2007 1910 1920 1928.333 1965 2003 2012 1960 1910 1934 1958 1958 1958 1920 1961.333 1958 1958 1935.5 1959 1959 1959 1959 1959 1959 1959 1900 1900 1900 1910 1900 1900 1961
1910 1910 1910 1910 1910 1910 1910 1910 1910 1910 1910 1910 1910 1910 1910 1910 1910 1910 1910 1910 1910 1910 1910 1910 1910 1910 1910 1910 1910 1910 1910 1910 1949.333 1998 1920 1916.667 1910 1920 1951 1951 1930.5 1936.5 1963 1963 1963 1963 1985 2007 1910 1910 1910 1910 1905 1910 1910 1915 1910 1953.5 1976 1955 1955 1963 1963 1959 1935.5 1912 1959 1959 1959 1959 1959 1959 1900 1900 1903.333 1910 1910 1920 1961
1910 1910 1910 1910 1910 1910 1910 1910 1910 1910 1910 1910 1910 1910 1910 1910 1910 1910 1910 1910 1910 1910 1910 1910 1910 1910 1910 1910 1910 1910 1910 1949.5 1925 1925 1920 1920 1920 1951 1951 1951 1951 1910 1963 1963 1963 1963 1963 1963 1936.5 1910 1910 1910 1900 1900 1944 1962 1920 1910 1997 1958.5 1980 1963 1963 1959 1959 1935.5 1912 1912 1959 1959 1959 1959 1903 1900 1900 1900 1916.667 1930 1961
1910 1910 1910 1910 1910 1910 1910 1910 1910 1910 1910 1910 1910 1910 1910 1910 1910 1910 1910 1910 1910 1910 1910 1910 1910 1910 1910 1910 1910 1910 1910 1974 1974 1956 1920 1920 1920 1963 1963 1936.5 1910 1910 1963 1963 1963 1963 1963 1963 1963 1910 1968 2008 2008 1900 1924 1946 2004 1997 1920 1920 1997 1900 1930.111 1959 1959 1959 1959 1959 1959 1959 1959 1988 1960.667 1906 1915 1910 1910 1910 1900
1910 1910 1910 1910 1910 1910 1910 1910 1910 1910 1910 1910 1910 1910 1910 1910 1910 1910 1910 1910 1910 1910 1910 1910 1910 1910 1910 1910 1910 1910 1974 1974 1974 1974 1974 1974 1963 1963 1963 1963 1963 1933.556 1963 1963 1963 1963 1963 1963 1910 1910 1948 1948 1905 1900 1937 1924 1910 1973.667 2003 1900 1910 1900 1905 1926.333 1959 1959 1959 1959 1959 1959 1988 1988 1988 1988 1958.667 1900 1910 1910 1900
1910 1910 1910 1910 1910 1910 1910 1910 1910 1910 1910 1910 1910 1910 1910 1910 1910 1910 1910 1910 1910 1910 1910 1910 1910 1910 1910 1910 1910 1910 1921 1947.5 1974 1974 1974 1974 1959.667 1963 1963 1963 1963 1910 1927.667 1963 1963 1963 1963 1910 1910 1910 2002 1920 1910 1900 1925 1950 1910 2008 1910 1924 1910 1900 1900 1910 1910 1957.667 1959 1959 1959 1959 1988 1988 1988 1988 1988 1988 1958.333 1899 1941
1910 1910 1910 1910 1910 1910 1910 1910 1910 1910 1910 1910 1910 1910 1910 1910 1910 1910 1910 1910 1910 1910 1910 1910 1910 1910 1910 1910 1910 1921 1921 1921 1921 1947.5 1974 1958 1958 1958 1963 1963 1963 1910 1910 1910 1927.667 1963 1963 1910 1910 1910 1944 2002 1910 1921.667 1900 1975.333 1996 1996 1996 1952 1910 1903.333 1900 1900 1910 2004 1910 1939.5 1959 1988 1988 1988 1988 1988 1988 1988 1988 1988 1956.667
1910 1910 1910 1910 1910 1910 1910 1910 1910 1910 1910 1910 1910 1910 1910 1910 1910 1910 1910 1910 1910 1910 1910 1910 1910 1910 1910 1910 1910 1921.5 1921 1921 1921 1921 1954 1956 1958 1958 1958 1958 1947 1928.5 1910 1910 1910 1910 1910 1910 1910 1910 1910 1920 1900 1900 1965 1965 1965 1967.333 1910 1910 1910 1910 1900 1942.667 2008 1927 1910 1920 1988 1988 1988 1988 1988 1988 1988 1988 1988 1988 1988
1910 1910 1910 1910 1910 1910 1910 1910 1910 1910 1910 1910 1910 1910 1910 1910 1910 1910 1910 1910 1910 1910 1910 1910 1910 1910 1910 1910 1922 1922 1917.667 1921 1974 1974 1954 1954 1954 1956 1958 1958 1938 1947 1947.333 1985 1985 1985 1910 1910 1910 1910 1920 1900 1934 1958 1961.5 1965 1965 1996 1996 2006 1958 1910 1930 1910 1910 1939.5 1969 1910 1988 1988 1988 1988 1988 1988 1988 1988 1988 1988 1988
1910 1910 1910 1910 1910 1910 1910 1910 1910 1910 1910 1910 1910 1910 1910 1910 1910 1910 1910 1910 1910 1910 1910 1910 1910 1910 1910 1929.333 1922 1922 1922 1910 1920 1954 1954 1954 1954 1954 1920 1924.5 1929 1929 1947 1910 1890 1910 1910 1910 1910 1910 1937.222 1910 1910 1958 1958 1960.333 1965 1965 1900 1958 2006 1932 1910 1910 1910 1910 1910 1937.5 1988 1988 1988 1988 1988 1988 1988 1988 1988 1988 1988
1910 1910 1910 1910 1910 1910 1910 1910 1910 1910 1910 1910 1910 1910 1910 1910 1910 1910 1910 1910 1910 1910 1910 1910 1910 1910 1910 1929 1937 1922 1930 2005 1920 1954 1954 1958 1954 1954 1943.889 1920 1924.5 1929 1921 1890 1890 1910 1910 1910 1910 1910 1959 1942.667 1910 1958 1958 1958 1958 1936.5 1915 1910 1910 1930 1956 1969.667 1910 1910 1910 1913 1911.5 1949 1988 1988 1988 1988 1988 1988 1988 1988 1988
