SpatialData/SUB/subway_euclidean_matchextent.asc
ncols         299
nrows         658
xllcorner     582840.57256934
yllcorner     4505984.7454546
cellsize      30
NODATA_value  -9999
[rows 384 to 415 of 658, columns 144 to 215 of 299]
536.6563 510 483.7355 457.9301 432.6662 408.0441 384.1875 361.2478 335.4102 308.8689 283.0194 256.3201 228.4732 201.2461 174.9286 150 123.6932 94.86833 67.08204 42.42641 30 0 30 60 84.85281 108.1665 134.1641 161.5549 189.7367 216.3331 241.8677 268.3282 295.4657 318.9044 342.0526 366.1967 391.1521 416.7733 442.9447 469.5743 496.5883 523.9275 550.7268 577.0615 603.7383 630.7139 657.9514 684.7628 711.1962 737.9024 764.8529 792.0227 818.8406 845.3401 872.0665 898.9995 926.121 952.9428 979.4897 1006.231 1032.279 1056.835 1081.665 1106.752 1132.078 1157.627 -9999 -9999 -9999 -9999 -9999 -9999
523.9275 496.5883 469.5743 442.9447 416.7733 391.1521 366.1967 342.0526 318.9044 295.4657 268.3282 241.8677 216.3331 189.7367 161.5549 134.1641 108.1665 84.85281 60 30 0 30 42.42641 67.08204 94.86833 123.6932 150 174.9286 201.2461 228.4732 256.3201 283.0194 308.8689 335.4102 361.2478 384.1875 408.0441 432.6662 457.9301 483.7355 510 536.6563 563.6488 590.9315 617.7378 644.1273 670.8204 697.7822 724.9828 751.7979 778.2673 804.9845 831.9255 859.0693 885.8894 912.4144 939.1486 966.0745 993.1767 1020 1046.566 1073.313 1098.59 1123.299 1148.26 -9999 -9999 -9999 -9999 -9999 -9999 -9999
510 483.7355 456.9464 429.5346 402.4922 375.8989 349.8571 324.4996 300 276.5863 254.5584 228.4732 201.2461 174.9286 150 123.6932 94.86833 67.08204 42.42641 30 0 30 60 84.85281 108.1665 134.1641 161.5549 189.7367 216.3331 241.8677 268.3282 295.4657 323.1099 349.8571 375.8989 402.4922 426.3801 450 474.3416 499.2995 524.7856 550.7268 577.0615 603.7383 630.7139 657.9514 684.7628 711.1962 737.9024 764.8529 792.0227 818.8406 845.3401 872.0665 898.9995 926.121 952.9428 979.4897 1006.231 1033.151 1060.236 1087.06 1113.643 1140.395 -9999 -9999 -9999 -9999 -9999 -9999 -9999 -9999
496.5883 469.5743 442.9447 416.7733 390 362.4914 335.4102 308.8689 283.0194 258.0698 234.3075 212.132 189.7367 161.5549 134.1641 108.1665 84.85281 60 30 0 30 42.42641 67.08204 94.86833 123.6932 150 174.9286 201.2461 228.4732 256.3201 283.0194 308.8689 335.4102 362.4914 390 416.7733 442.9447 468.615 492.0366 516.1395 540.8327 566.0389 591.6925 617.7378 644.1273 670.8204 697.7822 724.9828 751.7979 778.2673 804.9845 831.9255 859.0693 885.8894 912.4144 939.1486 966.0745 993.1767 1020 1046.566 1073.313 1100.227 1127.298 1154.123 -9999 -9999 -9999 -9999 -9999 -9999 -9999 -9999
483.7355 456.9464 429.5346 402.4922 375.8989 349.8571 323.1099 295.4657 268.3282 241.8677 216.3331 192.0937 169.7056 150 123.6932 94.86833 67.08204 42.42641 30 0 30 60 84.85281 108.1665 134.1641 161.5549 189.7367 216.3331 241.8677 268.3282 295.4657 323.1099 349.8571 375.8989 402.4922 429.5346 456.9464 483.7355 510 534.1348 558.0323 582.4946 607.4537 632.8507 658.6349 684.7628 711.1962 737.9024 764.8529 792.0227 818.8406 845.3401 872.0665 898.9995 926.121 952.9428 979.4897 1006.231 1033.151 1060.236 1087.06 1113.643 1140.395 -9999 -9999 -9999 -9999 -9999 -9999 -9999 -9999 -9999
469.5743 442.9447 416.7733 390 362.4914 335.4102 308.8689 283.0194 256.3201 228.4732 201.2461 174.9286 150 127.2792 108.1665 84.85281 60 30 0 30 42.42641 67.08204 94.86833 123.6932 150 174.9286 201.2461 228.4732 256.3201 283.0194 308.8689 335.4102 362.4914 390 416.7733 442.9447 469.5743 496.5883 523.9275 550.7268 576.2812 600 624.2596 648.9992 674.1661 699.7142 725.6032 751.7979 778.2673 804.9845 831.9255 859.0693 885.8894 912.4144 939.1486 966.0745 993.1767 1020 1046.566 1073.313 1100.227 1127.298 -9999 -9999 -9999 -9999 -9999 -9999 -9999 -9999 -9999 -9999
456.9464 429.5346 402.4922 375.8989 349.8571 323.1099 295.4657 268.3282 241.8677 216.3331 189.7367 161.5549 134.1641 108.1665 84.85281 67.08204 42.42641 30 0 30 60 84.85281 108.1665 134.1641 161.5549 189.7367 216.3331 241.8677 268.3282 295.4657 323.1099 349.8571 375.8989 402.4922 429.5346 456.9464 483.7355 510 536.6563 563.6488 590.9315 618.4658 642.028 666.1081 690.6519 715.6116 740.9453 766.616 792.5907 818.8406 845.3401 872.0665 898.9995 926.121 952.9428 979.4897 1006.231 1033.151 1060.236 1087.06 1113.643 -9999 -9999 -9999 -9999 -9999 -9999 -9999 -9999 -9999 -9999 -9999
442.9447 416.7733 390 362.4914 335.4102 308.8689 283.0194 256.3201 228.4732 201.2461 174.9286 150 123.6932 94.86833 67.08204 42.42641 30 0 30 42.42641 67.08204 94.86833 123.6932 150 174.9286 201.2461 228.4732 256.3201 283.0194 308.8689 335.4102 362.4914 390 416.7733 442.9447 469.5743 496.5883 523.9275 550.7268 577.0615 603.7383 630.7139 657.9514 684.1052 708.0255 732.3933 757.1658 782.3043 807.7747 833.5466 859.593 885.8894 912.4144 939.1486 966.0745 993.1767 1020 1046.566 1073.313 1100.227 1127.298 -9999 -9999 -9999 -9999 -9999 -9999 -9999 -9999 -9999 -9999 -9999
429.5346 402.4922 375.8989 349.8571 323.1099 295.4657 268.3282 241.8677 216.3331 189.7367 161.5549 134.1641 108.1665 84.85281 60 30 0 30 42.42641 67.08204 84.85281 108.1665 134.1641 161.5549 189.7367 216.3331 241.8677 268.3282 295.4657 323.1099 349.8571 375.8989 402.4922 429.5346 456.9464 483.7355 510 536.6563 563.6488 590.9315 617.7378 644.1273 670.8204 697.7822 724.9828 750 774.2093 798.8116 823.7718 849.0583 874.6428 900.4999 926.6067 952.9428 979.4897 1006.231 1033.151 1060.236 1087.06 1113.643 -9999 -9999 -9999 -9999 -9999 -9999 -9999 -9999 -9999 -9999 -9999 -9999
416.7733 390 362.4914 335.4102 308.8689 283.0194 256.3201 228.4732 201.2461 174.9286 150 123.6932 94.86833 67.08204 42.42641 30 0 30 60 84.85281 108.1665 127.2792 150 174.9286 201.2461 228.4732 256.3201 283.0194 308.8689 335.4102 362.4914 390 416.7733 442.9447 469.5743 496.5883 523.9275 550.7268 577.0615 603.7383 630.7139 657.9514 684.7628 711.1962 737.9024 764.8529 792.0227 816.0883 840.5355 865.3323 890.4493 915.8602 941.5413 967.4709 993.6297 1020 1046.566 1073.313 1100.227 -9999 -9999 -9999 -9999 -9999 -9999 -9999 -9999 -9999 -9999 -9999 -9999 -9999
402.4922 375.8989 349.8571 323.1099 295.4657 268.3282 241.8677 216.3331 189.7367 161.5549 134.1641 108.1665 84.85281 60 30 0 30 42.42641 67.08204 94.86833 123.6932 150 169.7056 192.0937 216.3331 241.8677 268.3282 295.4657 323.1099 349.8571 375.8989 402.4922 429.5346 456.9464 483.7355 510 536.6563 563.6488 590.9315 617.7378 644.1273 670.8204 697.7822 724.9828 751.7979 778.2673 804.9845 831.9255 858.021 882.3265 906.973 931.9335 957.1833 982.7004 1008.464 1034.456 1060.66 1087.06 -9999 -9999 -9999 -9999 -9999 -9999 -9999 -9999 -9999 -9999 -9999 -9999 -9999 -9999
390 362.4914 335.4102 308.8689 283.0194 256.3201 228.4732 201.2461 174.9286 150 123.6932 94.86833 67.08204 42.42641 30 0 30 60 84.85281 108.1665 134.1641 161.5549 189.7367 212.132 234.3075 258.0698 283.0194 308.8689 335.4102 362.4914 390 416.7733 442.9447 469.5743 496.5883 523.9275 550.7268 577.0615 603.7383 630.7139 657.9514 684.7628 711.1962 737.9024 764.8529 792.0227 818.8406 845.3401 872.0665 898.9995 924.1753 948.6833 973.4988 998.599 1023.963 1049.571 1075.407 -9999 -9999 -9999 -9999 -9999 -9999 -9999 -9999 -9999 -9999 -9999 -9999 -9999 -9999 -9999
375.8989 349.8571 323.1099 295.4657 268.3282 241.8677 216.3331 189.7367 161.5549 134.1641 108.1665 84.85281 60 30 0 30 42.42641 67.08204 94.86833 123.6932 150 174.9286 201.2461 228.4732 254.5584 276.5863 300 324.4996 349.8571 375.8989 402.4922 429.5346 456.9464 483.7355 510 536.6563 563.6488 590.9315 617.7378 644.1273 670.8204 697.7822 724.9828 751.7979 778.2673 804.9845 831.9255 859.0693 885.8894 912.4144 939.1486 966.0745 990.4545 1015.135 1040.096 1065.317 1090.78 -9999 -9999 -9999 -9999 -9999 -9999 -9999 -9999 -9999 -9999 -9999 -9999 -9999 -9999 -9999
361.2478 335.4102 308.8689 283.0194 256.3201 228.4732 201.2461 174.9286 150 123.6932 94.86833 67.08204 42.42641 30 0 30 60 84.85281 108.1665 134.1641 161.5549 189.7367 216.3331 241.8677 268.3282 295.4657 318.9044 342.0526 366.1967 391.1521 416.7733 442.9447 469.5743 496.5883 523.9275 550.7268 577.0615 603.7383 630.7139 657.9514 684.7628 711.1962 737.9024 764.8529 792.0227 818.8406 845.3401 872.0665 898.9995 926.121 952.9428 979.4897 1006.231 1032.279 1056.835 1081.665 -9999 -9999 -9999 -9999 -9999 -9999 -9999 -9999 -9999 -9999 -9999 -9999 -9999 -9999 -9999 -9999
342.0526 318.9044 295.4657 268.3282 241.8677 216.3331 189.7367 161.5549 134.1641 108.1665 84.85281 60 30 0 30 42.42641 67.08204 94.86833 123.6932 150 174.9286 201.2461 228.4732 256.3201 283.0194 308.8689 335.4102 361.2478 384.1875 408.0441 432.6662 457.9301 483.7355 510 536.6563 563.6488 590.9315 617.7378 644.1273 670.8204 697.7822 724.9828 751.7979 778.2673 804.9845 831.9255 859.0693 885.8894 912.4144 939.1486 966.0745 993.1767 1020 1046.566 1073.313 -9999 -9999 -9999 -9999 -9999 -9999 -9999 -9999 -9999 -9999 -9999 -9999 -9999 -9999 -9999 -9999 -9999
324.4996 300 276.5863 254.5584 228.4732 201.2461 174.9286 150 123.6932 94.86833 67.08204 42.42641 30 0 30 60 84.85281 108.1665 134.1641 161.5549 189.7367 216.3331 241.8677 268.3282 295.4657 323.1099 349.8571 375.8989 402.4922 426.3801 450 474.3416 499.2995 524.7856 550.7268 577.0615 603.7383 630.7139 657.9514 684.7628 711.1962 737.9024 764.8529 792.0227 818.8406 845.3401 872.0665 898.9995 926.121 952.9428 979.4897 1006.231 1033.151 1060.236 1087.06 -9999 -9999 -9999 -9999 -9999 -9999 -9999 -9999 -9999 -9999 -9999 -9999 -9999 -9999 -9999 -9999 -9999
308.8689 283.0194 258.0698 234.3075 212.132 189.7367 161.5549 134.1641 108.1665 84.85281 60 30 0 30 42.42641 67.08204 94.86833 123.6932 150 174.9286 201.2461 228.4732 256.3201 283.0194 308.8689 335.4102 362.4914 390 416.7733 442.9447 468.615 492.0366 516.1395 540.8327 566.0389 591.6925 617.7378 644.1273 670.8204 697.7822 724.9828 751.7979 778.2673 804.9845 831.9255 859.0693 885.8894 912.4144 939.1486 966.0745 993.1767 1020 1046.566 1073.313 -9999 -9999 -9999 -9999 -9999 -9999 -9999 -9999 -9999 -9999 -9999 -9999 -9999 -9999 -9999 -9999 -9999 -9999
295.4657 268.3282 241.8677 216.3331 192.0937 169.7056 150 123.6932 94.86833 67.08204 42.42641 30 0 30 60 84.85281 108.1665 134.1641 161.5549 189.7367 216.3331 241.8677 268.3282 295.4657 323.1099 349.8571 375.8989 402.4922 429.5346 456.9464 483.7355 510 534.1348 558.0323 582.4946 607.4537 632.8507 658.6349 684.7628 711.1962 737.9024 764.8529 792.0227 818.8406 845.3401 872.0665 898.9995 926.121 952.9428 979.4897 1006.231 1033.151 1060.236 -9999 -9999 -9999 -9999 -9999 -9999 -9999 -9999 -9999 -9999 -9999 -9999 -9999 -9999 -9999 -9999 -9999 -9999 -9999
283.0194 256.3201 228.4732 201.2461 174.9286 150 127.2792 108.1665 84.85281 60 30 0 30 42.42641 67.08204 94.86833 123.6932 150 174.9286 201.2461 228.4732 256.3201 283.0194 308.8689 335.4102 362.4914 390 416.7733 442.9447 469.5743 496.5883 523.9275 550.7268 576.2812 600 624.2596 648.9992 674.1661 699.7142 725.6032 751.7979 778.2673 804.9845 831.9255 859.0693 885.8894 912.4144 939.1486 966.0745 993.1767 1020 1046.566 -9999 -9999 -9999 -9999 -9999 -9999 -9999 -9999 -9999 -9999 -9999 -9999 -9999 -9999 -9999 -9999 -9999 -9999 -9999 -9999
268.3282 241.8677 216.3331 189.7367 161.5549 134.1641 108.1665 84.85281 67.08204 42.42641 30 0 30 60 84.85281 108.1665 134.1641 161.5549 189.7367 216.3331 241.8677 268.3282 295.4657 323.1099 349.8571 375.8989 402.4922 429.5346 456.9464 483.7355 510 536.6563 563.6488 590.9315 618.4658 642.028 666.1081 690.6519 715.6116 740.9453 766.616 792.5907 818.8406 845.3401 872.0665 898.9995 926.121 952.9428 979.4897 1006.231 1033.151 1060.236 -9999 -9999 -9999 -9999 -9999 -9999 -9999 -9999 -9999 -9999 -9999 -9999 -9999 -9999 -9999 -9999 -9999 -9999 -9999 -9999
256.3201 228.4732 201.2461 174.9286 150 123.6932 94.86833 67.08204 42.42641 30 0 30 42.42641 67.08204 94.86833 123.6932 150 174.9286 201.2461 228.4732 256.3201 283.0194 308.8689 335.4102 362.4914 390 416.7733 442.9447 469.5743 496.5883 523.9275 550.7268 577.0615 603.7383 630.7139 657.9514 684.1052 708.0255 732.3933 757.1658 782.3043 807.7747 833.5466 859.593 885.8894 912.4144 939.1486 966.0745 993.1767 1020 1046.566 -9999 -9999 -9999 -9999 -9999 -9999 -9999 -9999 -9999 -9999 -9999 -9999 -9999 -9999 -9999 -9999 -9999 -9999 -9999 -9999 -9999
241.8677 216.3331 189.7367 161.5549 134.1641 108.1665 84.85281 60 30 0 30 42.42641 67.08204 84.85281 108.1665 134.1641 161.5549 189.7367 216.3331 241.8677 268.3282 295.4657 323.1099 349.8571 375.8989 402.4922 429.5346 456.9464 483.7355 510 536.6563 563.6488 590.9315 617.7378 644.1273 670.8204 697.7822 724.9828 750 774.2093 798.8116 823.7718 849.0583 874.6428 900.4999 926.6067 952.9428 979.4897 1006.231 1026.158 1044.844 -9999 -9999 -9999 -9999 -9999 -9999 -9999 -9999 -9999 -9999 -9999 -9999 -9999 -9999 -9999 -9999 -9999 -9999 -9999 -9999 -9999
228.4732 201.2461 174.9286 150 123.6932 94.86833 67.08204 42.42641 30 0 30 60 84.85281 108.1665 127.2792 150 174.9286 201.2461 228.4732 256.3201 283.0194 308.8689 335.4102 362.4914 390 416.7733 442.9447 469.5743 496.5883 523.9275 550.7268 577.0615 603.7383 630.7139 657.9514 684.7628 711.1962 737.9024 764.8529 792.0227 816.0883 840.5355 865.3323 890.4493 915.8602 931.9335 948.6833 966.0745 984.0732 1002.646 -9999 -9999 -9999 -9999 -9999 -9999 -9999 -9999 -9999 -9999 -9999 -9999 -9999 -9999 -9999 -9999 -9999 -9999 -9999 -9999 -9999 -9999
216.3331 189.7367 161.5549 134.1641 108.1665 84.85281 60 30 0 30 42.42641 67.08204 94.86833 123.6932 150 169.7056 192.0937 216.3331 241.8677 268.3282 295.4657 323.1099 349.8571 375.8989 402.4922 429.5346 456.9464 483.7355 510 536.6563 563.6488 590.9315 617.7378 644.1273 670.8204 697.7822 724.9828 751.7979 778.2673 804.9845 831.9255 845.3401 859.593 874.6428 890.4493 906.973 924.1753 942.0191 960.4686 979.4897 -9999 -9999 -9999 -9999 -9999 -9999 -9999 -9999 -9999 -9999 -9999 -9999 -9999 -9999 -9999 -9999 -9999 -9999 -9999 -9999 -9999 -9999
201.2461 174.9286 150 123.6932 94.86833 67.08204 42.42641 30 0 30 60 84.85281 108.1665 134.1641 161.5549 189.7367 212.132 234.3075 258.0698 283.0194 308.8689 335.4102 362.4914 390 416.7733 442.9447 469.5743 496.5883 523.9275 550.7268 577.0615 603.7383 630.7139 657.9514 684.7628 711.1962 737.9024 764.8529 778.2673 792.0227 804.9845 818.8406 833.5466 849.0583 865.3323 882.3265 900 918.3137 937.23 -9999 -9999 -9999 -9999 -9999 -9999 -9999 -9999 -9999 -9999 -9999 -9999 -9999 -9999 -9999 -9999 -9999 -9999 -9999 -9999 -9999 -9999 -9999
189.7367 161.5549 134.1641 108.1665 84.85281 60 30 0 30 42.42641 67.08204 94.86833 123.6932 150 174.9286 201.2461 228.4732 254.5584 276.5863 300 324.4996 349.8571 375.8989 402.4922 429.5346 456.9464 483.7355 510 536.6563 563.6488 590.9315 617.7378 644.1273 670.8204 697.7822 711.1962 724.9828 737.9024 751.7979 764.8529 778.2673 792.5907 807.7747 823.7718 840.5355 858.021 876.1849 894.986 -9999 -9999 -9999 -9999 -9999 -9999 -9999 -9999 -9999 -9999 -9999 -9999 -9999 -9999 -9999 -9999 -9999 -9999 -9999 -9999 -9999 -9999 -9999 -9999
174.9286 150 123.6932 94.86833 67.08204 42.42641 30 0 30 60 84.85281 108.1665 134.1641 161.5549 189.7367 216.3331 241.8677 268.3282 295.4657 318.9044 342.0526 366.1967 391.1521 416.7733 442.9447 469.5743 496.5883 523.9275 550.7268 577.0615 603.7383 630.7139 644.1273 657.9514 670.8204 684.7628 697.7822 711.1962 724.9828 737.9024 751.7979 766.616 782.3043 798.8116 816.0883 834.0863 852.7603 872.0665 -9999 -9999 -9999 -9999 -9999 -9999 -9999 -9999 -9999 -9999 -9999 -9999 -9999 -9999 -9999 -9999 -9999 -9999 -9999 -9999 -9999 -9999 -9999 -9999
161.5549 134.1641 108.1665 84.85281 60 30 0 30 42.42641 67.08204 94.86833 123.6932 150 174.9286 201.2461 228.4732 256.3201 283.0194 308.8689 335.4102 361.2478 384.1875 408.0441 432.6662 457.9301 483.7355 510 536.6563 563.6488 577.0615 590.9315 603.7383 617.7378 630.7139 644.1273 657.9514 670.8204 684.7628 697.7822 711.1962 725.6032 740.9453 757.1658 774.2093 792.0227 810.5554 829.759 -9999 -9999 -9999 -9999 -9999 -9999 -9999 -9999 -9999 -9999 -9999 -9999 -9999 -9999 -9999 -9999 -9999 -9999 -9999 -9999 -9999 -9999 -9999 -9999 -9999
134.1641 123.6932 94.86833 67.08204 42.42641 30 0 30 60 84.85281 108.1665 134.1641 161.5549 189.7367 216.3331 241.8677 268.3282 295.4657 323.1099 349.8571 375.8989 402.4922 426.3801 450 474.3416 492.0366 510 523.9275 536.6563 550.7268 563.6488 577.0615 590.9315 603.7383 617.7378 630.7139 644.1273 657.9514 670.8204 684.7628 699.7142 715.6116 732.3933 750 768.3749 787.4643 -9999 -9999 -9999 -9999 -9999 -9999 -9999 -9999 -9999 -9999 -9999 -9999 -9999 -9999 -9999 -9999 -9999 -9999 -9999 -9999 -9999 -9999 -9999 -9999 -9999 -9999
108.1665 108.1665 84.85281 60 30 0 30 42.42641 67.08204 94.86833 123.6932 150 174.9286 201.2461 228.4732 256.3201 283.0194 308.8689 335.4102 362.4914 390 402.4922 416.7733 432.6662 450 468.615 483.7355 496.5883 510 523.9275 536.6563 550.7268 563.6488 577.0615 590.9315 603.7383 617.7378 630.7139 644.1273 658.6349 674.1661 690.6519 708.0255 726.2231 745.1846 764.8529 -9999 -9999 -9999 -9999 -9999 -9999 -9999 -9999 -9999 -9999 -9999 -9999 -9999 -9999 -9999 -9999 -9999 -9999 -9999 -9999 -9999 -9999 -9999 -9999 -9999 -9999
84.85281 94.86833 67.08204 42.42641 30 0 30 60 84.85281 108.1665 134.1641 161.5549 189.7367 216.3331 241.8677 268.3282 295.4657 323.1099 335.4102 349.8571 362.4914 375.8989 391.1521 408.0441 426.3801 442.9447 456.9464 469.5743 483.7355 496.5883 510 523.9275 536.6563 550.7268 563.6488 577.0615 590.9315 603.7383 617.7378 632.8507 648.9992 666.1081 684.1052 702.9225 722.4957 -9999 -9999 -9999 -9999 -9999 -9999 -9999 -9999 -9999 -9999 -9999 -9999 -9999 -9999 -9999 -9999 -9999 -9999 -9999 -9999 -9999 -9999 -9999 -9999 -9999 -9999 -9999
60 67.08204 60 30 0 30 42.42641 67.08204 94.86833 123.6932 150 174.9286 201.2461 228.4732 256.3201 268.3282 283.0194 295.4657 308.8689 323.1099 335.4102 349.8571 366.1967 384.1875 402.4922 416.7733 429.5346 442.9447 456.9464 469.5743 483.7355 496.5883 510 523.9275 536.6563 550.7268 563.6488 577.0615 591.6925 607.4537 624.2596 642.028 660.6815 680.147 -9999 -9999 -9999 -9999 -9999 -9999 -9999 -9999 -9999 -9999 -9999 -9999 -9999 -9999 -9999 -9999 -9999 -9999 -9999 -9999 -9999 -9999 -9999 -9999 -9999 -9999 -9999 -9999
