SpatialData/SUB/subway_euclidean_matchextent.asc
ncols         299
nrows         658
xllcorner     582840.57256934
yllcorner     4505984.7454546
cellsize      30
NODATA_value  -9999
[rows 512 to 543 of 658, columns 72 to 143 of 299]
150 174.9286 201.2461 189.7367 161.5549 134.1641 108.1665 84.85281 60 30 0 30 60 90 94.86833 67.08204 42.42641 30 0 30 60 84.85281 108.1665 134.1641 161.5549 189.7367 212.132 234.3075 258.0698 283.0194 308.8689 335.4102 362.4914 390 416.7733 442.9447 469.5743 496.5883 523.9275 550.7268 577.0615 603.7383 630.7139 657.9514 684.7628 711.1962 737.9024 764.8529 792.0227 818.8406 845.3401 872.0665 898.9995 924.1753 948.6833 973.4988 998.599 1023.963 -9999 -9999 -9999 -9999 -9999 -9999 -9999 -9999 -9999 -9999 -9999 -9999 -9999 -9999
161.5549 189.7367 212.132 182.4829 152.9706 123.6932 94.86833 67.08204 42.42641 30 0 30 60 90 84.85281 60 30 0 30 42.42641 67.08204 94.86833 123.6932 150 174.9286 201.2461 228.4732 254.5584 276.5863 300 324.4996 349.8571 375.8989 402.4922 429.5346 456.9464 483.7355 510 536.6563 563.6488 590.9315 617.7378 644.1273 670.8204 697.7822 724.9828 751.7979 778.2673 804.9845 831.9255 859.0693 885.8894 912.4144 939.1486 966.0745 990.4545 1015.135 1040.096 -9999 -9999 -9999 -9999 -9999 -9999 -9999 -9999 -9999 -9999 -9999 -9999 -9999 -9999
174.9286 201.2461 210 180 150 120 90 60 30 0 30 42.42641 67.08204 94.86833 67.08204 42.42641 30 0 30 60 84.85281 108.1665 134.1641 161.5549 189.7367 216.3331 241.8677 268.3282 295.4657 318.9044 342.0526 366.1967 391.1521 416.7733 442.9447 469.5743 496.5883 523.9275 550.7268 577.0615 603.7383 630.7139 657.9514 684.7628 711.1962 737.9024 764.8529 792.0227 818.8406 845.3401 872.0665 898.9995 926.121 952.9428 979.4897 1006.231 1032.279 1056.835 -9999 -9999 -9999 -9999 -9999 -9999 -9999 -9999 -9999 -9999 -9999 -9999 -9999 -9999
189.7367 216.3331 210 180 150 120 90 60 30 0 30 60 84.85281 84.85281 60 30 0 30 42.42641 67.08204 94.86833 123.6932 150 174.9286 201.2461 228.4732 256.3201 283.0194 308.8689 335.4102 361.2478 384.1875 408.0441 432.6662 457.9301 483.7355 510 536.6563 563.6488 590.9315 617.7378 644.1273 670.8204 697.7822 724.9828 751.7979 778.2673 804.9845 831.9255 859.0693 885.8894 912.4144 939.1486 966.0745 993.1767 1020 1046.566 1073.313 -9999 -9999 -9999 -9999 -9999 -9999 -9999 -9999 -9999 -9999 -9999 -9999 -9999 -9999
201.2461 228.4732 201.2461 174.9286 150 120 90 60 30 0 30 60 90 67.08204 42.42641 30 0 30 60 84.85281 108.1665 134.1641 161.5549 189.7367 216.3331 241.8677 268.3282 295.4657 323.1099 349.8571 375.8989 402.4922 426.3801 450 474.3416 499.2995 524.7856 550.7268 577.0615 603.7383 630.7139 657.9514 684.7628 711.1962 737.9024 764.8529 792.0227 818.8406 845.3401 872.0665 898.9995 926.121 952.9428 979.4897 1006.231 1033.151 1060.236 1075.407 -9999 -9999 -9999 -9999 -9999 -9999 -9999 -9999 -9999 -9999 -9999 -9999 -9999 -9999
216.3331 218.4033 189.7367 161.5549 134.1641 108.1665 84.85281 60 30 0 30 60 84.85281 60 30 0 30 42.42641 67.08204 94.86833 123.6932 150 174.9286 201.2461 228.4732 256.3201 283.0194 308.8689 335.4102 362.4914 390 416.7733 442.9447 468.615 492.0366 516.1395 540.8327 566.0389 591.6925 617.7378 644.1273 670.8204 697.7822 724.9828 751.7979 778.2673 804.9845 831.9255 859.0693 885.8894 912.4144 939.1486 966.0745 993.1767 1006.231 1020 1034.456 1049.571 -9999 -9999 -9999 -9999 -9999 -9999 -9999 -9999 -9999 -9999 -9999 -9999 -9999 -9999
216.3331 212.132 182.4829 152.9706 123.6932 94.86833 67.08204 42.42641 30 0 30 60 67.08204 42.42641 30 0 30 60 84.85281 108.1665 134.1641 161.5549 189.7367 216.3331 241.8677 268.3282 295.4657 323.1099 349.8571 375.8989 402.4922 429.5346 456.9464 483.7355 510 534.1348 558.0323 582.4946 607.4537 632.8507 658.6349 684.7628 711.1962 737.9024 764.8529 792.0227 818.8406 845.3401 872.0665 898.9995 926.121 939.1486 952.9428 966.0745 979.4897 993.6297 1008.464 1023.963 -9999 -9999 -9999 -9999 -9999 -9999 -9999 -9999 -9999 -9999 -9999 -9999 -9999 -9999
189.7367 201.2461 180 150 120 90 60 30 0 30 42.42641 67.08204 60 30 0 30 42.42641 67.08204 94.86833 123.6932 150 174.9286 201.2461 228.4732 256.3201 283.0194 308.8689 335.4102 362.4914 390 416.7733 442.9447 469.5743 496.5883 523.9275 550.7268 576.2812 600 624.2596 648.9992 674.1661 699.7142 725.6032 751.7979 778.2673 804.9845 831.9255 859.0693 872.0665 885.8894 898.9995 912.4144 926.121 939.1486 952.9428 967.4709 982.7004 998.599 -9999 -9999 -9999 -9999 -9999 -9999 -9999 -9999 -9999 -9999 -9999 -9999 -9999 -9999
161.5549 174.9286 180 150 120 90 60 30 0 30 60 67.08204 42.42641 30 0 30 60 84.85281 108.1665 134.1641 161.5549 189.7367 216.3331 241.8677 268.3282 295.4657 323.1099 349.8571 375.8989 402.4922 429.5346 456.9464 483.7355 510 536.6563 563.6488 590.9315 618.4658 642.028 666.1081 690.6519 715.6116 740.9453 766.616 792.0227 804.9845 818.8406 831.9255 845.3401 859.0693 872.0665 885.8894 898.9995 912.4144 926.6067 941.5413 957.1833 973.4988 -9999 -9999 -9999 -9999 -9999 -9999 -9999 -9999 -9999 -9999 -9999 -9999 -9999 -9999
134.1641 150 161.5549 150 120 90 60 30 0 30 60 42.42641 30 0 30 42.42641 67.08204 94.86833 123.6932 150 174.9286 201.2461 228.4732 256.3201 283.0194 308.8689 335.4102 362.4914 390 416.7733 442.9447 469.5743 496.5883 523.9275 550.7268 577.0615 603.7383 630.7139 657.9514 684.1052 708.0255 724.9828 737.9024 751.7979 764.8529 778.2673 792.0227 804.9845 818.8406 831.9255 845.3401 859.0693 872.0665 885.8894 900.4999 915.8602 931.9335 948.6833 -9999 -9999 -9999 -9999 -9999 -9999 -9999 -9999 -9999 -9999 -9999 -9999 -9999 -9999
108.1665 123.6932 134.1641 150 120 90 60 30 0 30 60 30 0 30 42.42641 67.08204 84.85281 108.1665 134.1641 161.5549 189.7367 216.3331 241.8677 268.3282 295.4657 323.1099 349.8571 375.8989 402.4922 429.5346 456.9464 483.7355 510 536.6563 563.6488 590.9315 617.7378 632.8507 648.9992 666.1081 684.1052 697.7822 711.1962 724.9828 737.9024 751.7979 764.8529 778.2673 792.0227 804.9845 818.8406 831.9255 845.3401 859.593 874.6428 890.4493 906.973 924.1753 -9999 -9999 -9999 -9999 -9999 -9999 -9999 -9999 -9999 -9999 -9999 -9999 -9999 -9999
84.85281 94.86833 108.1665 123.6932 120 90 60 30 0 30 42.42641 30 0 30 60 84.85281 108.1665 127.2792 150 174.9286 201.2461 228.4732 256.3201 283.0194 308.8689 335.4102 362.4914 390 416.7733 442.9447 469.5743 496.5883 523.9275 550.7268 563.6488 577.0615 591.6925 607.4537 624.2596 642.028 657.9514 670.8204 684.7628 697.7822 711.1962 724.9828 737.9024 751.7979 764.8529 778.2673 792.0227 804.9845 818.8406 833.5466 849.0583 865.3323 882.3265 898.9995 -9999 -9999 -9999 -9999 -9999 -9999 -9999 -9999 -9999 -9999 -9999 -9999 -9999 -9999
60 67.08204 84.85281 94.86833 108.1665 84.85281 60 30 0 30 30 0 30 42.42641 67.08204 94.86833 123.6932 150 169.7056 192.0937 216.3331 241.8677 268.3282 295.4657 323.1099 349.8571 375.8989 402.4922 429.5346 456.9464 483.7355 496.5883 510 523.9275 536.6563 550.7268 566.0389 582.4946 600 618.4658 630.7139 644.1273 657.9514 670.8204 684.7628 697.7822 711.1962 724.9828 737.9024 751.7979 764.8529 778.2673 792.5907 -9999 -9999 840.5355 858.021 872.0665 885.8894 -9999 -9999 -9999 -9999 -9999 -9999 -9999 -9999 -9999 -9999 -9999 -9999 -9999
30 42.42641 60 67.08204 84.85281 67.08204 42.42641 30 0 30 30 0 30 60 84.85281 108.1665 134.1641 161.5549 189.7367 212.132 234.3075 258.0698 283.0194 308.8689 335.4102 362.4914 390 416.7733 429.5346 442.9447 456.9464 469.5743 483.7355 496.5883 510 524.7856 540.8327 558.0323 576.2812 590.9315 603.7383 617.7378 630.7139 644.1273 657.9514 670.8204 684.7628 697.7822 711.1962 724.9828 737.9024 751.7979 766.616 -9999 -9999 -9999 -9999 845.3401 859.0693 -9999 -9999 -9999 -9999 -9999 -9999 -9999 -9999 -9999 -9999 -9999 -9999 -9999
0 30 30 42.42641 67.08204 60 30 0 30 30 0 30 42.42641 67.08204 94.86833 123.6932 150 174.9286 201.2461 228.4732 254.5584 276.5863 300 324.4996 349.8571 362.4914 375.8989 390 402.4922 416.7733 429.5346 442.9447 456.9464 469.5743 483.7355 499.2995 516.1395 534.1348 550.7268 563.6488 577.0615 590.9315 603.7383 617.7378 630.7139 644.1273 657.9514 670.8204 684.7628 697.7822 711.1962 725.6032 740.9453 -9999 -9999 -9999 -9999 -9999 -9999 -9999 -9999 -9999 -9999 -9999 -9999 -9999 -9999 -9999 -9999 -9999 -9999 -9999
30 0 0 30 42.42641 60 30 0 30 30 0 30 60 84.85281 108.1665 134.1641 161.5549 189.7367 216.3331 241.8677 258.0698 276.5863 295.4657 308.8689 323.1099 335.4102 349.8571 362.4914 375.8989 390 402.4922 416.7733 429.5346 442.9447 457.9301 474.3416 492.0366 510 523.9275 536.6563 550.7268 563.6488 577.0615 590.9315 603.7383 617.7378 630.7139 644.1273 657.9514 670.8204 684.7628 699.7142 715.6116 -9999 -9999 -9999 -9999 -9999 -9999 -9999 -9999 -9999 -9999 -9999 -9999 -9999 -9999 -9999 -9999 -9999 -9999 -9999
42.42641 30 30 0 30 30 30 0 30 0 30 42.42641 67.08204 94.86833 123.6932 150 174.9286 189.7367 201.2461 216.3331 234.3075 254.5584 268.3282 283.0194 295.4657 308.8689 323.1099 335.4102 349.8571 362.4914 375.8989 390 402.4922 416.7733 432.6662 450 468.615 483.7355 496.5883 510 523.9275 536.6563 550.7268 563.6488 577.0615 590.9315 603.7383 617.7378 630.7139 644.1273 658.6349 674.1661 690.6519 -9999 -9999 -9999 -9999 -9999 -9999 -9999 -9999 -9999 -9999 -9999 -9999 -9999 -9999 -9999 -9999 -9999 -9999 -9999
67.08204 60 42.42641 30 0 0 30 0 30 0 30 60 84.85281 108.1665 123.6932 134.1641 150 161.5549 174.9286 192.0937 212.132 228.4732 241.8677 256.3201 268.3282 283.0194 295.4657 308.8689 323.1099 335.4102 349.8571 362.4914 375.8989 391.1521 408.0441 426.3801 442.9447 456.9464 469.5743 483.7355 496.5883 510 523.9275 536.6563 550.7268 563.6488 577.0615 590.9315 603.7383 617.7378 632.8507 648.9992 666.1081 684.1052 -9999 -9999 -9999 -9999 -9999 -9999 -9999 -9999 -9999 -9999 -9999 -9999 -9999 -9999 -9999 -9999 -9999 -9999
94.86833 84.85281 67.08204 42.42641 30 30 0 0 30 0 30 60 67.08204 84.85281 94.86833 108.1665 123.6932 134.1641 150 169.7056 189.7367 201.2461 216.3331 228.4732 241.8677 256.3201 268.3282 283.0194 295.4657 308.8689 323.1099 335.4102 349.8571 366.1967 384.1875 402.4922 416.7733 429.5346 442.9447 456.9464 469.5743 483.7355 496.5883 510 523.9275 536.6563 550.7268 563.6488 577.0615 591.6925 607.4537 624.2596 642.028 657.9514 -9999 -9999 -9999 -9999 -9999 -9999 -9999 -9999 -9999 -9999 -9999 -9999 -9999 -9999 -9999 -9999 -9999 -9999
123.6932 108.1665 84.85281 67.08204 60 42.42641 30 0 0 0 30 30 42.42641 60 67.08204 84.85281 94.86833 108.1665 127.2792 150 161.5549 174.9286 189.7367 201.2461 216.3331 228.4732 241.8677 256.3201 268.3282 283.0194 295.4657 308.8689 324.4996 342.0526 361.2478 375.8989 390 402.4922 416.7733 429.5346 442.9447 456.9464 469.5743 483.7355 496.5883 510 523.9275 536.6563 550.7268 566.0389 582.4946 600 618.4658 630.7139 -9999 -9999 -9999 -9999 -9999 -9999 -9999 -9999 -9999 -9999 -9999 -9999 -9999 -9999 -9999 -9999 -9999 -9999
150 127.2792 108.1665 90 60 30 0 30 30 0 0 0 30 30 42.42641 60 67.08204 84.85281 108.1665 123.6932 134.1641 150 161.5549 174.9286 189.7367 201.2461 216.3331 228.4732 241.8677 256.3201 268.3282 283.0194 300 318.9044 335.4102 349.8571 362.4914 375.8989 390 402.4922 416.7733 429.5346 442.9447 456.9464 469.5743 483.7355 496.5883 510 524.7856 540.8327 558.0323 576.2812 590.9315 603.7383 -9999 -9999 -9999 -9999 -9999 -9999 -9999 -9999 -9999 -9999 -9999 -9999 -9999 -9999 -9999 -9999 -9999 -9999
169.7056 150 120 90 60 30 0 30 30 0 30 30 0 0 30 30 42.42641 67.08204 84.85281 94.86833 108.1665 123.6932 134.1641 150 161.5549 174.9286 189.7367 201.2461 216.3331 228.4732 241.8677 258.0698 276.5863 295.4657 308.8689 323.1099 335.4102 349.8571 362.4914 375.8989 390 402.4922 416.7733 429.5346 442.9447 456.9464 469.5743 483.7355 499.2995 516.1395 534.1348 550.7268 563.6488 577.0615 -9999 -9999 -9999 -9999 -9999 -9999 -9999 -9999 -9999 -9999 -9999 -9999 -9999 -9999 -9999 -9999 -9999 -9999
180 150 120 90 60 30 0 30 30 0 30 42.42641 30 30 0 0 30 42.42641 60 67.08204 84.85281 94.86833 108.1665 123.6932 134.1641 150 161.5549 174.9286 189.7367 201.2461 216.3331 234.3075 254.5584 268.3282 283.0194 295.4657 308.8689 323.1099 335.4102 349.8571 362.4914 375.8989 390 402.4922 416.7733 429.5346 442.9447 457.9301 474.3416 492.0366 510 523.9275 536.6563 550.7268 563.6488 -9999 -9999 -9999 -9999 -9999 -9999 -9999 -9999 -9999 -9999 -9999 -9999 -9999 -9999 -9999 -9999 -9999
180 150 120 90 60 30 0 30 30 0 30 60 60 42.42641 30 30 0 30 30 42.42641 60 67.08204 84.85281 94.86833 108.1665 123.6932 134.1641 150 161.5549 174.9286 192.0937 212.132 228.4732 241.8677 256.3201 268.3282 283.0194 295.4657 308.8689 323.1099 335.4102 349.8571 362.4914 375.8989 390 402.4922 416.7733 432.6662 450 468.615 483.7355 496.5883 510 523.9275 536.6563 -9999 -9999 -9999 -9999 -9999 -9999 -9999 -9999 -9999 -9999 -9999 -9999 -9999 -9999 -9999 -9999 -9999
174.9286 150 120 90 60 30 0 30 30 0 30 60 84.85281 67.08204 60 42.42641 30 0 0 30 30 42.42641 60 67.08204 84.85281 94.86833 108.1665 123.6932 134.1641 150 169.7056 189.7367 201.2461 216.3331 228.4732 241.8677 256.3201 268.3282 283.0194 295.4657 308.8689 323.1099 335.4102 349.8571 362.4914 375.8989 391.1521 408.0441 426.3801 442.9447 456.9464 469.5743 483.7355 496.5883 510 -9999 -9999 -9999 -9999 -9999 -9999 -9999 -9999 -9999 -9999 -9999 -9999 -9999 -9999 -9999 -9999 -9999
161.5549 134.1641 108.1665 84.85281 60 30 0 30 30 0 30 60 90 94.86833 84.85281 67.08204 42.42641 30 30 0 0 30 30 42.42641 60 67.08204 84.85281 94.86833 108.1665 127.2792 150 161.5549 174.9286 189.7367 201.2461 216.3331 228.4732 241.8677 256.3201 268.3282 283.0194 295.4657 308.8689 323.1099 335.4102 349.8571 366.1967 384.1875 402.4922 416.7733 429.5346 442.9447 456.9464 469.5743 483.7355 -9999 -9999 -9999 -9999 -9999 -9999 -9999 -9999 -9999 -9999 -9999 -9999 -9999 -9999 -9999 -9999 -9999
152.9706 123.6932 94.86833 67.08204 42.42641 30 0 30 30 0 30 60 90 120 108.1665 84.85281 67.08204 60 42.42641 30 30 0 0 30 30 42.42641 60 67.08204 84.85281 108.1665 123.6932 134.1641 150 161.5549 174.9286 189.7367 201.2461 216.3331 228.4732 241.8677 256.3201 268.3282 283.0194 295.4657 308.8689 324.4996 342.0526 361.2478 375.8989 390 402.4922 416.7733 429.5346 442.9447 456.9464 -9999 -9999 -9999 -9999 -9999 -9999 -9999 -9999 -9999 -9999 -9999 -9999 -9999 -9999 -9999 -9999 -9999
150 120 90 60 30 0 30 42.42641 30 0 30 60 90 120 127.2792 108.1665 94.86833 84.85281 67.08204 60 42.42641 30 30 0 0 30 30 42.42641 67.08204 84.85281 94.86833 108.1665 123.6932 134.1641 150 161.5549 174.9286 189.7367 201.2461 216.3331 228.4732 241.8677 256.3201 268.3282 283.0194 300 318.9044 335.4102 349.8571 362.4914 375.8989 390 402.4922 416.7733 429.5346 442.9447 -9999 -9999 -9999 -9999 -9999 -9999 -9999 -9999 -9999 -9999 -9999 -9999 -9999 -9999 -9999 -9999
134.1641 108.1665 84.85281 60 30 0 30 30 0 30 42.42641 67.08204 94.86833 123.6932 150 134.1641 123.6932 108.1665 94.86833 84.85281 67.08204 60 42.42641 30 30 0 0 30 42.42641 60 67.08204 84.85281 94.86833 108.1665 123.6932 134.1641 150 161.5549 174.9286 189.7367 201.2461 216.3331 228.4732 241.8677 258.0698 276.5863 295.4657 308.8689 323.1099 335.4102 349.8571 362.4914 375.8989 390 402.4922 416.7733 -9999 -9999 -9999 -9999 -9999 -9999 -9999 -9999 -9999 -9999 -9999 -9999 -9999 -9999 -9999 -9999
123.6932 94.86833 67.08204 42.42641 30 0 30 30 0 30 60 84.85281 108.1665 134.1641 161.5549 161.5549 150 134.1641 123.6932 108.1665 94.86833 84.85281 67.08204 60 42.42641 30 30 0 30 30 42.42641 60 67.08204 84.85281 94.86833 108.1665 123.6932 134.1641 150 161.5549 174.9286 189.7367 201.2461 216.3331 234.3075 254.5584 268.3282 283.0194 295.4657 308.8689 323.1099 335.4102 349.8571 362.4914 375.8989 390 -9999 -9999 -9999 -9999 -9999 -9999 -9999 -9999 -9999 -9999 -9999 -9999 -9999 -9999 -9999 -9999
108.1665 84.85281 60 30 0 0 30 30 0 30 60 90 120 150 174.9286 189.7367 174.9286 161.5549 150 134.1641 123.6932 108.1665 94.86833 84.85281 67.08204 60 42.42641 30 0 0 30 30 42.42641 60 67.08204 84.85281 94.86833 108.1665 123.6932 134.1641 150 161.5549 174.9286 192.0937 212.132 228.4732 241.8677 256.3201 268.3282 283.0194 295.4657 308.8689 323.1099 335.4102 349.8571 362.4914 -9999 -9999 -9999 -9999 -9999 -9999 -9999 -9999 -9999 -9999 -9999 -9999 -9999 -9999 -9999 -9999
94.86833 67.08204 42.42641 30 0 30 42.42641 30 0 30 60 90 120 150 180 210 201.2461 189.7367 174.9286 161.5549 150 134.1641 123.6932 108.1665 94.86833 84.85281 67.08204 42.42641 30 30 0 0 30 30 42.42641 60 67.08204 84.85281 94.86833 108.1665 123.6932 134.1641 150 169.7056 189.7367 201.2461 216.3331 228.4732 241.8677 256.3201 268.3282 283.0194 295.4657 308.8689 323.1099 335.4102 349.8571 -9999 -9999 -9999 -9999 -9999 -9999 -9999 -9999 -9999 -9999 -9999 -9999 -9999 -9999 -9999
