SpatialData/SUB/subway_euclidean_matchextent.asc
ncols         299
nrows         658
xllcorner     582840.57256934
yllcorner     4505984.7454546
cellsize      30
NODATA_value  -9999
[rows 544 to 575 of 658, columns 0 to 71 of 299]
-9999 -9999 -9999 -9999 -9999 -9999 -9999 -9999 -9999 -9999 -9999 -9999 -9999 -9999 -9999 -9999 -9999 -9999 -9999 -9999 -9999 -9999 523.9275 494.7727 465.7253 436.8066 408.0441 379.4733 351.141 323.1099 295.4657 268.3282 241.8677 216.3331 189.7367 161.5549 134.1641 108.1665 84.85281 60 30 0 30 60 84.85281 108.1665 84.85281 60 30 0 30 42.42641 67.08204 94.86833 123.6932 150 174.9286 201.2461 228.4732 256.3201 283.0194 308.8689 335.4102 308.8689 283.0194 256.3201 228.4732 201.2461 174.9286 150 127.2792 108.1665
-9999 -9999 -9999 -9999 -9999 -9999 -9999 -9999 -9999 -9999 -9999 -9999 -9999 -9999 -9999 -9999 -9999 -9999 -9999 -9999 -9999 -9999 512.6402 484.6648 456.9464 429.5346 400.2499 371.0795 342.0526 313.2092 284.605 256.3201 228.4732 201.2461 174.9286 150 123.6932 94.86833 67.08204 42.42641 30 0 30 60 90 94.86833 67.08204 42.42641 30 0 30 60 84.85281 108.1665 134.1641 161.5549 189.7367 216.3331 241.8677 268.3282 295.4657 323.1099 318.9044 295.4657 268.3282 241.8677 216.3331 189.7367 161.5549 134.1641 108.1665 84.85281
-9999 -9999 -9999 -9999 -9999 -9999 -9999 -9999 -9999 -9999 -9999 -9999 -9999 -9999 735.459 706.1161 676.8309 -9999 -9999 -9999 -9999 -9999 502.8916 474.3416 445.9821 417.8517 390 362.4914 335.4102 305.9412 276.5863 247.3863 218.4033 189.7367 161.5549 134.1641 108.1665 84.85281 60 30 0 30 42.42641 67.08204 94.86833 84.85281 60 30 0 30 42.42641 67.08204 94.86833 123.6932 150 174.9286 201.2461 228.4732 256.3201 283.0194 308.8689 324.4996 300 276.5863 254.5584 228.4732 201.2461 174.9286 150 123.6932 94.86833 67.08204
-9999 -9999 -9999 -9999 -9999 -9999 -9999 -9999 -9999 -9999 -9999 -9999 -9999 -9999 729.9315 700.3571 670.8204 641.3267 611.8823 582.4946 553.1727 523.9275 494.7727 465.7253 436.8066 408.0441 379.4733 351.141 323.1099 295.4657 268.3282 241.8677 212.132 182.4829 152.9706 123.6932 94.86833 67.08204 42.42641 30 0 30 60 84.85281 94.86833 67.08204 42.42641 30 0 30 60 84.85281 108.1665 134.1641 161.5549 189.7367 216.3331 241.8677 268.3282 295.4657 323.1099 308.8689 283.0194 258.0698 234.3075 212.132 189.7367 161.5549 134.1641 108.1665 84.85281 60
-9999 -9999 -9999 -9999 -9999 -9999 -9999 -9999 -9999 -9999 -9999 -9999 -9999 -9999 725.6032 695.8448 666.1081 636.3961 606.7125 577.0615 547.4486 517.8803 488.3646 458.9117 429.5346 400.2499 371.0795 342.0526 313.2092 284.605 256.3201 228.4732 201.2461 174.9286 150 120 90 60 30 0 30 42.42641 67.08204 94.86833 90 60 30 0 30 42.42641 67.08204 94.86833 123.6932 150 174.9286 201.2461 228.4732 256.3201 283.0194 308.8689 318.9044 295.4657 268.3282 241.8677 216.3331 192.0937 169.7056 150 123.6932 94.86833 67.08204 42.42641
-9999 -9999 -9999 -9999 -9999 -9999 -9999 -9999 -9999 -9999 -9999 -9999 -9999 -9999 722.4957 692.6038 662.7217 632.8507 602.9926 573.1492 543.3231 513.5173 483.7355 453.9824 424.2641 394.5884 364.9658 335.4102 305.9412 276.5863 247.3863 218.4033 189.7367 161.5549 134.1641 108.1665 84.85281 60 30 0 30 60 84.85281 108.1665 84.85281 60 30 0 30 60 84.85281 108.1665 134.1641 161.5549 189.7367 216.3331 241.8677 268.3282 295.4657 323.1099 300 276.5863 254.5584 228.4732 201.2461 174.9286 150 127.2792 108.1665 84.85281 60 30
-9999 -9999 -9999 -9999 -9999 -9999 -9999 -9999 -9999 -9999 -9999 -9999 -9999 750.5997 720.6248 690.6519 660.6815 630.7139 600.7495 570.7889 540.8327 510.8816 480.9366 450.9989 421.0701 391.1521 361.2478 331.3608 301.4963 271.6616 241.8677 212.132 182.4829 152.9706 123.6932 94.86833 67.08204 42.42641 30 0 30 60 90 94.86833 67.08204 42.42641 30 0 30 60 90 120 150 174.9286 201.2461 228.4732 256.3201 283.0194 308.8689 308.8689 283.0194 258.0698 234.3075 212.132 189.7367 161.5549 134.1641 108.1665 84.85281 67.08204 42.42641 30
-9999 -9999 -9999 -9999 -9999 -9999 -9999 -9999 -9999 -9999 -9999 -9999 -9999 750 720 690 660 630 600 570 540 510 480 450 420 390 360 330 300 270 240 210 180 150 120 90 60 30 0 30 42.42641 67.08204 94.86833 84.85281 60 30 0 30 42.42641 67.08204 94.86833 123.6932 152.9706 182.4829 212.132 234.3075 254.5584 268.3282 283.0194 295.4657 268.3282 241.8677 216.3331 192.0937 169.7056 150 123.6932 94.86833 67.08204 42.42641 30 0
-9999 -9999 -9999 -9999 -9999 -9999 -9999 -9999 -9999 -9999 -9999 -9999 -9999 750 720 690 660 630 600 570 540 510 480 450 420 390 360 330 300 270 240 210 180 150 120 90 60 30 0 30 60 84.85281 94.86833 67.08204 42.42641 30 0 30 60 84.85281 108.1665 134.1641 161.5549 174.9286 192.0937 212.132 228.4732 241.8677 258.0698 276.5863 256.3201 228.4732 201.2461 174.9286 150 127.2792 108.1665 84.85281 60 30 0 30
-9999 -9999 -9999 -9999 -9999 -9999 -9999 -9999 -9999 -9999 -9999 -9999 -9999 742.159 713.0919 684.1052 655.2099 626.4184 597.7458 569.21 540 510 480 450 420 390 360 330 300 270 240 210 180 150 120 90 60 30 0 30 60 90 90 60 30 0 0 30 60 84.85281 108.1665 123.6932 134.1641 150 169.7056 189.7367 201.2461 216.3331 234.3075 254.5584 241.8677 216.3331 189.7367 161.5549 134.1641 108.1665 84.85281 67.08204 42.42641 30 0 30
-9999 -9999 -9999 -9999 -9999 -9999 -9999 -9999 -9999 -9999 -9999 -9999 -9999 735.459 706.1161 676.8309 647.611 618.4658 589.4065 560.4462 531.6014 502.8916 474.3416 445.9821 417.8517 390 360 330 300 270 240 210 180 150 120 90 60 30 0 30 60 90 90 60 30 0 0 30 42.42641 67.08204 84.85281 94.86833 108.1665 127.2792 150 161.5549 174.9286 192.0937 212.132 228.4732 228.4732 201.2461 174.9286 150 123.6932 94.86833 67.08204 42.42641 30 0 30 42.42641
-9999 -9999 -9999 -9999 -9999 -9999 -9999 -9999 -9999 -9999 -9999 -9999 -9999 -9999 -9999 -9999 -9999 -9999 -9999 -9999 -9999 494.7727 465.7253 436.8066 408.0441 379.4733 351.141 323.1099 295.4657 268.3282 240 210 180 150 120 90 60 30 0 30 60 90 84.85281 60 30 0 0 0 30 42.42641 60 67.08204 84.85281 108.1665 123.6932 134.1641 150 169.7056 189.7367 201.2461 212.132 189.7367 161.5549 134.1641 108.1665 84.85281 60 30 0 30 42.42641 42.42641
-9999 -9999 -9999 -9999 -9999 -9999 -9999 -9999 -9999 -9999 -9999 -9999 -9999 -9999 -9999 -9999 -9999 -9999 -9999 -9999 -9999 488.3646 458.9117 429.5346 400.2499 371.0795 342.0526 313.2092 284.605 256.3201 228.4732 201.2461 174.9286 150 120 90 60 30 0 30 60 90 67.08204 42.42641 30 0 30 0 0 30 30 42.42641 67.08204 84.85281 94.86833 108.1665 127.2792 150 161.5549 174.9286 189.7367 169.7056 150 123.6932 94.86833 67.08204 42.42641 30 0 30 60 30
-9999 -9999 -9999 -9999 -9999 -9999 -9999 -9999 -9999 -9999 -9999 -9999 -9999 -9999 -9999 -9999 -9999 -9999 -9999 -9999 -9999 483.7355 453.9824 424.2641 394.5884 364.9658 335.4102 305.9412 276.5863 247.3863 218.4033 189.7367 161.5549 134.1641 108.1665 84.85281 60 30 0 30 60 90 60 30 0 30 42.42641 30 30 0 0 30 42.42641 60 67.08204 84.85281 108.1665 123.6932 134.1641 150 161.5549 150 127.2792 108.1665 84.85281 60 30 0 30 42.42641 42.42641 30
-9999 -9999 -9999 -9999 -9999 -9999 -9999 -9999 -9999 -9999 -9999 -9999 -9999 -9999 -9999 -9999 -9999 -9999 -9999 -9999 -9999 480.9366 450.9989 421.0701 391.1521 361.2478 331.3608 301.4963 271.6616 241.8677 212.132 182.4829 152.9706 123.6932 94.86833 67.08204 42.42641 30 0 30 60 84.85281 60 30 0 30 60 60 42.42641 30 30 0 30 30 42.42641 67.08204 84.85281 94.86833 108.1665 123.6932 134.1641 134.1641 108.1665 84.85281 67.08204 42.42641 30 0 30 42.42641 30 0
-9999 -9999 -9999 -9999 -9999 -9999 -9999 -9999 -9999 -9999 -9999 -9999 -9999 -9999 -9999 -9999 -9999 -9999 -9999 -9999 -9999 480 450 420 390 360 330 300 270 240 210 180 150 120 90 60 30 0 30 42.42641 67.08204 67.08204 42.42641 30 0 30 60 84.85281 67.08204 60 42.42641 30 0 0 30 42.42641 60 67.08204 84.85281 94.86833 108.1665 123.6932 94.86833 67.08204 42.42641 30 0 30 42.42641 30 0 30
-9999 -9999 -9999 -9999 -9999 -9999 -9999 -9999 -9999 -9999 -9999 -9999 -9999 -9999 -9999 -9999 -9999 -9999 -9999 -9999 -9999 480 450 420 390 360 330 300 270 240 210 180 150 120 90 60 30 0 30 60 84.85281 60 30 0 30 42.42641 67.08204 94.86833 94.86833 84.85281 67.08204 42.42641 30 30 0 30 30 42.42641 60 67.08204 84.85281 108.1665 84.85281 60 30 0 30 42.42641 42.42641 30 0 30
-9999 -9999 -9999 -9999 -9999 -9999 -9999 -9999 -9999 -9999 -9999 -9999 -9999 -9999 -9999 -9999 -9999 -9999 -9999 -9999 -9999 480 450 420 390 360 330 300 270 240 210 180 150 120 90 60 30 0 30 60 84.85281 60 30 0 30 60 84.85281 108.1665 123.6932 108.1665 84.85281 67.08204 60 42.42641 30 0 0 30 30 42.42641 67.08204 84.85281 67.08204 42.42641 30 0 30 60 30 0 30 42.42641
-9999 -9999 -9999 -9999 -9999 -9999 -9999 -9999 -9999 -9999 -9999 -9999 -9999 -9999 -9999 -9999 -9999 -9999 -9999 -9999 -9999 474.3416 445.9821 417.8517 390 360 330 300 270 240 210 180 150 120 90 60 30 0 30 60 67.08204 42.42641 30 0 30 60 90 120 150 127.2792 108.1665 94.86833 84.85281 67.08204 42.42641 30 30 0 0 30 42.42641 60 42.42641 30 0 30 42.42641 42.42641 30 0 30 60
-9999 -9999 -9999 -9999 -9999 -9999 -9999 -9999 -9999 -9999 -9999 -9999 -9999 -9999 -9999 -9999 -9999 -9999 -9999 -9999 -9999 465.7253 436.8066 408.0441 379.4733 351.141 323.1099 295.4657 268.3282 240 210 180 150 120 90 60 30 0 30 60 60 30 0 30 42.42641 67.08204 94.86833 123.6932 152.9706 150 134.1641 123.6932 108.1665 84.85281 67.08204 60 42.42641 30 30 0 30 30 30 0 30 42.42641 60 30 0 30 42.42641 67.08204
-9999 -9999 -9999 -9999 -9999 -9999 -9999 -9999 -9999 -9999 -9999 -9999 -9999 -9999 -9999 -9999 -9999 -9999 -9999 -9999 -9999 458.9117 429.5346 400.2499 371.0795 342.0526 313.2092 284.605 256.3201 228.4732 201.2461 174.9286 150 120 90 60 30 0 30 60 60 30 0 30 60 84.85281 108.1665 134.1641 161.5549 174.9286 161.5549 150 127.2792 108.1665 94.86833 84.85281 67.08204 60 42.42641 30 0 0 30 0 30 42.42641 42.42641 30 0 30 60 84.85281
-9999 -9999 -9999 -9999 -9999 -9999 -9999 -9999 -9999 -9999 -9999 -9999 -9999 -9999 -9999 -9999 -9999 -9999 -9999 -9999 -9999 453.9824 424.2641 394.5884 364.9658 335.4102 305.9412 276.5863 247.3863 218.4033 189.7367 161.5549 134.1641 108.1665 84.85281 60 30 0 30 60 42.42641 30 0 30 60 90 120 150 174.9286 201.2461 189.7367 169.7056 150 134.1641 123.6932 108.1665 94.86833 84.85281 67.08204 42.42641 30 30 0 0 0 30 30 0 30 42.42641 67.08204 84.85281
-9999 -9999 -9999 -9999 -9999 -9999 -9999 -9999 -9999 -9999 -9999 -9999 -9999 -9999 -9999 -9999 -9999 -9999 -9999 -9999 480.9366 450.9989 421.0701 391.1521 361.2478 331.3608 301.4963 271.6616 241.8677 212.132 182.4829 152.9706 123.6932 94.86833 67.08204 42.42641 30 0 30 60 30 0 30 42.42641 67.08204 94.86833 123.6932 152.9706 182.4829 212.132 212.132 192.0937 174.9286 161.5549 150 134.1641 123.6932 108.1665 84.85281 67.08204 42.42641 30 0 30 30 0 0 30 30 30 42.42641 60
-9999 -9999 -9999 -9999 -9999 -9999 -9999 -9999 -9999 -9999 -9999 -9999 -9999 -9999 -9999 -9999 -9999 -9999 -9999 -9999 480 450 420 390 360 330 300 270 240 210 180 150 120 90 60 30 0 30 42.42641 60 30 0 30 60 84.85281 108.1665 134.1641 161.5549 189.7367 218.4033 234.3075 216.3331 201.2461 189.7367 169.7056 150 123.6932 94.86833 67.08204 42.42641 30 0 30 42.42641 42.42641 30 0 0 0 0 30 30
-9999 -9999 -9999 -9999 -9999 -9999 -9999 -9999 -9999 -9999 -9999 -9999 -9999 -9999 -9999 -9999 -9999 -9999 -9999 -9999 480 450 420 390 360 330 300 270 240 210 180 150 120 90 60 30 0 30 60 60 30 0 30 60 90 120 150 174.9286 201.2461 228.4732 256.3201 228.4732 201.2461 174.9286 150 127.2792 108.1665 84.85281 60 30 0 30 42.42641 60 30 0 30 30 30 30 0 0
-9999 -9999 -9999 -9999 -9999 -9999 -9999 -9999 -9999 -9999 -9999 -9999 -9999 -9999 -9999 -9999 -9999 -9999 -9999 -9999 480 450 420 390 360 330 300 270 240 210 180 150 120 90 60 30 0 30 60 42.42641 30 0 30 60 90 120 150 180 210 240 241.8677 216.3331 189.7367 161.5549 134.1641 108.1665 84.85281 67.08204 42.42641 30 0 30 60 42.42641 30 0 30 60 60 42.42641 30 30
-9999 -9999 -9999 -9999 -9999 -9999 -9999 -9999 -9999 -9999 -9999 -9999 -9999 -9999 -9999 -9999 -9999 -9999 -9999 -9999 480 450 420 390 360 330 300 270 240 210 180 150 120 90 60 30 0 30 60 30 0 30 42.42641 67.08204 94.86833 123.6932 152.9706 182.4829 212.132 241.8677 228.4732 201.2461 174.9286 150 123.6932 94.86833 67.08204 42.42641 30 0 30 42.42641 42.42641 30 0 30 42.42641 67.08204 84.85281 67.08204 60 42.42641
-9999 -9999 -9999 -9999 -9999 -9999 -9999 -9999 -9999 -9999 -9999 -9999 -9999 -9999 -9999 -9999 -9999 -9999 -9999 -9999 474.3416 445.9821 417.8517 390 360 330 300 270 240 210 180 150 120 90 60 30 0 30 60 30 0 30 60 84.85281 108.1665 134.1641 161.5549 189.7367 218.4033 234.3075 212.132 189.7367 161.5549 134.1641 108.1665 84.85281 60 30 0 30 42.42641 60 30 0 30 42.42641 67.08204 84.85281 108.1665 94.86833 84.85281 67.08204
-9999 -9999 -9999 -9999 -9999 -9999 -9999 -9999 -9999 -9999 -9999 -9999 -9999 -9999 -9999 -9999 -9999 -9999 -9999 -9999 465.7253 436.8066 408.0441 379.4733 351.141 323.1099 295.4657 268.3282 240 210 180 150 120 90 60 30 0 30 42.42641 30 0 30 60 90 120 150 174.9286 201.2461 228.4732 216.3331 192.0937 169.7056 150 123.6932 94.86833 67.08204 42.42641 30 0 30 60 42.42641 30 0 30 60 84.85281 108.1665 127.2792 123.6932 108.1665 94.86833
-9999 -9999 -9999 -9999 -9999 -9999 -9999 -9999 -9999 -9999 -9999 -9999 -9999 -9999 -9999 -9999 -9999 -9999 -9999 488.3646 458.9117 429.5346 400.2499 371.0795 342.0526 313.2092 284.605 256.3201 228.4732 201.2461 174.9286 150 120 90 60 30 0 30 30 0 30 42.42641 67.08204 94.86833 123.6932 152.9706 182.4829 212.132 228.4732 201.2461 174.9286 150 127.2792 108.1665 84.85281 60 30 0 30 42.42641 60 30 0 0 30 60 90 120 150 150 134.1641 123.6932
-9999 -9999 -9999 -9999 -9999 -9999 -9999 -9999 -9999 -9999 -9999 -9999 -9999 -9999 -9999 -9999 -9999 -9999 -9999 483.7355 453.9824 424.2641 394.5884 364.9658 335.4102 305.9412 276.5863 247.3863 218.4033 189.7367 161.5549 134.1641 108.1665 84.85281 60 30 0 30 30 0 30 60 84.85281 108.1665 134.1641 161.5549 189.7367 218.4033 212.132 189.7367 161.5549 134.1641 108.1665 84.85281 67.08204 42.42641 30 0 30 60 60 30 0 30 42.42641 67.08204 94.86833 123.6932 152.9706 174.9286 161.5549 152.9706
-9999 -9999 -9999 -9999 -9999 -9999 -9999 -9999 -9999 -9999 -9999 -9999 -9999 -9999 -9999 -9999 -9999 -9999 -9999 480.9366 450.9989 421.0701 391.1521 361.2478 331.3608 301.4963 271.6616 241.8677 212.132 182.4829 152.9706 123.6932 94.86833 67.08204 42.42641 30 0 30 30 0 30 60 90 120 150 174.9286 201.2461 216.3331 192.0937 169.7056 150 123.6932 94.86833 67.08204 42.42641 30 0 30 42.42641 67.08204 42.42641 30 0 30 60 84.85281 108.1665 134.1641 161.5549 189.7367 180 150
