SpatialData/SUB/subway_euclidean_matchextent.asc
ncols         299
nrows         658
xllcorner     582840.57256934
yllcorner     4505984.7454546
cellsize      30
NODATA_value  -9999
[rows 544 to 575 of 658, columns 72 to 143 of 299]
84.85281 60 30 0 30 42.42641 60 30 0 30 60 90 120 150 180 210 228.4732 216.3331 201.2461 189.7367 174.9286 161.5549 150 134.1641 123.6932 108.1665 84.85281 67.08204 60 42.42641 30 30 0 0 30 30 42.42641 60 67.08204 84.85281 94.86833 108.1665 127.2792 150 161.5549 174.9286 189.7367 201.2461 216.3331 228.4732 241.8677 256.3201 268.3282 283.0194 295.4657 308.8689 323.1099 -9999 -9999 -9999 -9999 -9999 -9999 -9999 -9999 -9999 -9999 -9999 -9999 -9999 -9999 -9999
67.08204 42.42641 30 0 30 60 42.42641 30 0 30 60 90 120 150 180 210 240 241.8677 228.4732 216.3331 201.2461 189.7367 174.9286 161.5549 150 127.2792 108.1665 94.86833 84.85281 67.08204 60 42.42641 30 30 0 0 30 30 42.42641 60 67.08204 84.85281 108.1665 123.6932 134.1641 150 161.5549 174.9286 189.7367 201.2461 216.3331 228.4732 241.8677 256.3201 268.3282 283.0194 295.4657 308.8689 -9999 -9999 -9999 -9999 -9999 -9999 -9999 -9999 -9999 -9999 -9999 -9999 -9999 -9999
42.42641 30 0 30 42.42641 42.42641 30 0 30 42.42641 67.08204 94.86833 123.6932 152.9706 182.4829 212.132 241.8677 268.3282 256.3201 241.8677 228.4732 216.3331 201.2461 189.7367 169.7056 150 134.1641 123.6932 108.1665 94.86833 84.85281 67.08204 60 42.42641 30 30 0 0 30 30 42.42641 67.08204 84.85281 94.86833 108.1665 123.6932 134.1641 150 161.5549 174.9286 189.7367 201.2461 216.3331 228.4732 241.8677 256.3201 268.3282 283.0194 300 318.9044 -9999 -9999 -9999 -9999 -9999 -9999 -9999 -9999 -9999 -9999 -9999 -9999
30 0 30 42.42641 42.42641 30 0 0 30 60 84.85281 108.1665 134.1641 161.5549 189.7367 218.4033 247.3863 276.5863 283.0194 268.3282 256.3201 241.8677 228.4732 212.132 192.0937 174.9286 161.5549 150 134.1641 123.6932 108.1665 94.86833 84.85281 67.08204 60 42.42641 30 30 0 0 30 42.42641 60 67.08204 84.85281 94.86833 108.1665 123.6932 134.1641 150 161.5549 174.9286 189.7367 201.2461 216.3331 228.4732 241.8677 258.0698 276.5863 295.4657 -9999 -9999 -9999 -9999 -9999 -9999 -9999 -9999 -9999 -9999 -9999 -9999
30 0 30 42.42641 30 0 0 30 42.42641 67.08204 94.86833 123.6932 150 174.9286 201.2461 228.4732 256.3201 284.605 308.8689 295.4657 283.0194 268.3282 254.5584 234.3075 216.3331 201.2461 189.7367 174.9286 161.5549 150 134.1641 123.6932 108.1665 94.86833 84.85281 67.08204 60 42.42641 30 30 0 30 30 42.42641 60 67.08204 84.85281 94.86833 108.1665 123.6932 134.1641 150 161.5549 174.9286 189.7367 201.2461 216.3331 234.3075 254.5584 268.3282 283.0194 -9999 -9999 -9999 -9999 -9999 -9999 -9999 -9999 -9999 -9999 -9999
0 30 42.42641 30 0 0 30 42.42641 67.08204 84.85281 108.1665 134.1641 161.5549 189.7367 216.3331 241.8677 268.3282 295.4657 323.1099 323.1099 308.8689 295.4657 276.5863 258.0698 241.8677 228.4732 216.3331 201.2461 189.7367 174.9286 161.5549 150 134.1641 123.6932 108.1665 94.86833 84.85281 67.08204 60 42.42641 30 0 0 30 30 42.42641 60 67.08204 84.85281 94.86833 108.1665 123.6932 134.1641 150 161.5549 174.9286 192.0937 212.132 228.4732 241.8677 256.3201 268.3282 -9999 -9999 -9999 -9999 -9999 -9999 -9999 -9999 -9999 -9999
0 30 42.42641 30 0 30 42.42641 67.08204 84.85281 108.1665 127.2792 150 174.9286 201.2461 228.4732 256.3201 283.0194 308.8689 335.4102 349.8571 335.4102 318.9044 300 283.0194 268.3282 256.3201 241.8677 228.4732 216.3331 201.2461 189.7367 174.9286 161.5549 150 134.1641 123.6932 108.1665 94.86833 84.85281 67.08204 42.42641 30 30 0 0 30 30 42.42641 60 67.08204 84.85281 94.86833 108.1665 123.6932 134.1641 150 169.7056 189.7367 201.2461 216.3331 228.4732 241.8677 -9999 -9999 -9999 -9999 -9999 -9999 -9999 -9999 -9999 -9999
30 42.42641 30 0 30 42.42641 67.08204 84.85281 108.1665 127.2792 150 169.7056 192.0937 216.3331 241.8677 268.3282 295.4657 323.1099 349.8571 375.8989 361.2478 342.0526 324.4996 308.8689 295.4657 283.0194 268.3282 256.3201 241.8677 228.4732 216.3331 201.2461 189.7367 174.9286 161.5549 150 134.1641 123.6932 108.1665 84.85281 67.08204 60 42.42641 30 30 0 0 30 30 42.42641 60 67.08204 84.85281 94.86833 108.1665 127.2792 150 161.5549 174.9286 189.7367 201.2461 216.3331 -9999 -9999 -9999 -9999 -9999 -9999 -9999 -9999 -9999 -9999
42.42641 42.42641 30 0 30 60 84.85281 108.1665 127.2792 150 169.7056 192.0937 212.132 234.3075 258.0698 283.0194 308.8689 335.4102 362.4914 390 384.1875 366.1967 349.8571 335.4102 323.1099 308.8689 295.4657 283.0194 268.3282 256.3201 241.8677 228.4732 216.3331 201.2461 189.7367 174.9286 161.5549 150 127.2792 108.1665 94.86833 84.85281 67.08204 60 42.42641 30 30 0 0 30 30 42.42641 60 67.08204 84.85281 108.1665 123.6932 134.1641 150 161.5549 174.9286 189.7367 -9999 -9999 -9999 -9999 -9999 -9999 -9999 -9999 -9999 -9999
42.42641 30 0 30 42.42641 67.08204 94.86833 123.6932 150 169.7056 192.0937 212.132 234.3075 254.5584 276.5863 300 324.4996 349.8571 375.8989 402.4922 408.0441 391.1521 375.8989 362.4914 349.8571 335.4102 323.1099 308.8689 295.4657 283.0194 268.3282 256.3201 241.8677 228.4732 216.3331 201.2461 189.7367 169.7056 150 134.1641 123.6932 108.1665 94.86833 84.85281 67.08204 60 42.42641 30 30 0 0 30 30 42.42641 67.08204 84.85281 94.86833 108.1665 123.6932 134.1641 150 161.5549 -9999 -9999 -9999 -9999 -9999 -9999 -9999 -9999 -9999 -9999
30 0 30 42.42641 67.08204 84.85281 108.1665 134.1641 161.5549 189.7367 212.132 234.3075 254.5584 276.5863 296.9849 318.9044 342.0526 366.1967 391.1521 416.7733 432.6662 416.7733 402.4922 390 375.8989 362.4914 349.8571 335.4102 323.1099 308.8689 295.4657 283.0194 268.3282 256.3201 241.8677 228.4732 212.132 192.0937 174.9286 161.5549 150 134.1641 123.6932 108.1665 94.86833 84.85281 67.08204 60 42.42641 30 30 0 0 30 42.42641 60 67.08204 84.85281 94.86833 108.1665 123.6932 134.1641 -9999 -9999 -9999 -9999 -9999 -9999 -9999 -9999 -9999 -9999
30 0 30 60 84.85281 108.1665 127.2792 150 174.9286 201.2461 228.4732 254.5584 276.5863 296.9849 318.9044 339.4113 361.2478 384.1875 408.0441 432.6662 457.9301 442.9447 429.5346 416.7733 402.4922 390 375.8989 362.4914 349.8571 335.4102 323.1099 308.8689 295.4657 283.0194 268.3282 254.5584 234.3075 216.3331 201.2461 189.7367 174.9286 161.5549 150 134.1641 123.6932 108.1665 94.86833 84.85281 67.08204 60 42.42641 30 30 0 30 30 42.42641 60 67.08204 84.85281 94.86833 108.1665 -9999 -9999 -9999 -9999 -9999 -9999 -9999 -9999 -9999 -9999
0 30 42.42641 67.08204 94.86833 123.6932 150 169.7056 192.0937 216.3331 241.8677 268.3282 295.4657 318.9044 339.4113 361.2478 381.8377 403.6087 426.3801 450 474.3416 469.5743 456.9464 442.9447 429.5346 416.7733 402.4922 390 375.8989 362.4914 349.8571 335.4102 323.1099 308.8689 295.4657 276.5863 258.0698 241.8677 228.4732 216.3331 201.2461 189.7367 174.9286 161.5549 150 134.1641 123.6932 108.1665 94.86833 84.85281 67.08204 60 42.42641 30 0 0 30 30 42.42641 60 67.08204 -9999 -9999 -9999 -9999 -9999 -9999 -9999 -9999 -9999 -9999 -9999
0 30 60 84.85281 108.1665 134.1641 161.5549 189.7367 212.132 234.3075 258.0698 283.0194 308.8689 335.4102 361.2478 381.8377 403.6087 424.2641 445.9821 468.615 492.0366 496.5883 483.7355 469.5743 456.9464 442.9447 429.5346 416.7733 402.4922 390 375.8989 362.4914 349.8571 335.4102 318.9044 300 283.0194 268.3282 256.3201 241.8677 228.4732 216.3331 201.2461 189.7367 174.9286 161.5549 150 134.1641 123.6932 108.1665 94.86833 84.85281 67.08204 42.42641 30 30 0 0 30 30 42.42641 67.08204 -9999 -9999 -9999 -9999 -9999 -9999 -9999 -9999 -9999 -9999
30 42.42641 67.08204 94.86833 123.6932 150 174.9286 201.2461 228.4732 254.5584 276.5863 300 324.4996 349.8571 375.8989 402.4922 424.2641 445.9821 466.6905 488.3646 502.8916 512.6402 510 496.5883 483.7355 469.5743 456.9464 442.9447 429.5346 416.7733 402.4922 390 375.8989 361.2478 342.0526 324.4996 308.8689 295.4657 283.0194 268.3282 256.3201 241.8677 228.4732 216.3331 201.2461 189.7367 174.9286 161.5549 150 134.1641 123.6932 108.1665 84.85281 67.08204 60 42.42641 30 30 0 0 30 42.42641 -9999 -9999 -9999 -9999 -9999 -9999 -9999 -9999 -9999 -9999
42.42641 67.08204 84.85281 108.1665 134.1641 161.5549 189.7367 216.3331 241.8677 268.3282 295.4657 318.9044 342.0526 366.1967 391.1521 416.7733 429.5346 442.9447 457.9301 465.7253 474.3416 484.6648 496.5883 510 510 496.5883 483.7355 469.5743 456.9464 442.9447 429.5346 416.7733 402.4922 384.1875 366.1967 349.8571 335.4102 323.1099 308.8689 295.4657 283.0194 268.3282 256.3201 241.8677 228.4732 216.3331 201.2461 189.7367 174.9286 161.5549 150 127.2792 108.1665 94.86833 84.85281 67.08204 60 42.42641 30 0 0 30 -9999 -9999 -9999 -9999 -9999 -9999 -9999 -9999 -9999 -9999
60 84.85281 108.1665 127.2792 150 174.9286 201.2461 228.4732 256.3201 283.0194 308.8689 335.4102 361.2478 371.0795 379.4733 390 402.4922 416.7733 429.5346 436.8066 445.9821 456.9464 469.5743 483.7355 496.5883 510 510 496.5883 483.7355 469.5743 456.9464 442.9447 426.3801 408.0441 391.1521 375.8989 362.4914 349.8571 335.4102 323.1099 308.8689 295.4657 283.0194 268.3282 256.3201 241.8677 228.4732 216.3331 201.2461 189.7367 169.7056 150 134.1641 123.6932 108.1665 94.86833 84.85281 67.08204 42.42641 30 30 -9999 -9999 -9999 -9999 -9999 -9999 -9999 -9999 -9999 -9999 -9999
67.08204 94.86833 123.6932 150 169.7056 192.0937 216.3331 241.8677 268.3282 295.4657 308.8689 323.1099 335.4102 342.0526 351.141 362.4914 375.8989 390 400.2499 408.0441 417.8517 429.5346 442.9447 456.9464 469.5743 483.7355 499.2995 516.1395 510 496.5883 483.7355 468.615 450 432.6662 416.7733 402.4922 390 375.8989 362.4914 349.8571 335.4102 323.1099 308.8689 295.4657 283.0194 268.3282 256.3201 241.8677 228.4732 212.132 192.0937 174.9286 161.5549 150 134.1641 123.6932 108.1665 84.85281 67.08204 60 60 -9999 -9999 -9999 -9999 -9999 -9999 -9999 -9999 -9999 -9999 -9999
84.85281 108.1665 134.1641 161.5549 189.7367 212.132 234.3075 247.3863 256.3201 268.3282 283.0194 295.4657 305.9412 313.2092 323.1099 335.4102 349.8571 362.4914 371.0795 379.4733 390 402.4922 416.7733 429.5346 442.9447 457.9301 474.3416 492.0366 510.8816 523.9275 510 492.0366 474.3416 457.9301 442.9447 429.5346 416.7733 402.4922 390 375.8989 362.4914 349.8571 335.4102 323.1099 308.8689 295.4657 283.0194 268.3282 254.5584 234.3075 216.3331 201.2461 189.7367 174.9286 161.5549 150 127.2792 108.1665 94.86833 90 90 -9999 -9999 -9999 -9999 -9999 -9999 -9999 -9999 -9999 -9999 -9999
94.86833 123.6932 150 174.9286 189.7367 201.2461 212.132 218.4033 228.4732 241.8677 256.3201 268.3282 276.5863 284.605 295.4657 308.8689 323.1099 335.4102 342.0526 351.141 362.4914 375.8989 390 402.4922 416.7733 432.6662 450 468.615 488.3646 509.1169 530.7542 516.1395 499.2995 483.7355 469.5743 456.9464 442.9447 429.5346 416.7733 402.4922 390 375.8989 362.4914 349.8571 335.4102 323.1099 308.8689 295.4657 276.5863 258.0698 241.8677 228.4732 216.3331 201.2461 189.7367 169.7056 150 134.1641 123.6932 120 120 -9999 -9999 -9999 -9999 -9999 -9999 -9999 -9999 -9999 -9999 -9999
108.1665 134.1641 150 152.9706 161.5549 174.9286 182.4829 189.7367 201.2461 216.3331 228.4732 241.8677 247.3863 256.3201 268.3282 283.0194 295.4657 305.9412 313.2092 323.1099 335.4102 349.8571 362.4914 375.8989 391.1521 408.0441 426.3801 445.9821 466.6905 488.3646 509.1169 530.7542 524.7856 510 496.5883 483.7355 469.5743 456.9464 442.9447 429.5346 416.7733 402.4922 390 375.8989 362.4914 349.8571 335.4102 318.9044 300 283.0194 268.3282 256.3201 241.8677 228.4732 212.132 192.0937 174.9286 161.5549 152.9706 150 150 -9999 -9999 -9999 -9999 -9999 -9999 -9999 -9999 -9999 -9999 -9999
94.86833 108.1665 120 123.6932 134.1641 150 152.9706 161.5549 174.9286 189.7367 201.2461 212.132 218.4033 228.4732 241.8677 256.3201 268.3282 276.5863 284.605 295.4657 308.8689 323.1099 335.4102 349.8571 366.1967 384.1875 403.6087 424.2641 445.9821 466.6905 488.3646 510.8816 534.1348 536.6563 523.9275 510 496.5883 483.7355 469.5743 456.9464 442.9447 429.5346 416.7733 402.4922 390 375.8989 361.2478 342.0526 324.4996 308.8689 295.4657 283.0194 268.3282 254.5584 234.3075 216.3331 201.2461 189.7367 182.4829 180 180 -9999 -9999 -9999 -9999 -9999 -9999 -9999 -9999 -9999 -9999 -9999
67.08204 84.85281 90 94.86833 108.1665 120 123.6932 134.1641 150 161.5549 174.9286 182.4829 189.7367 201.2461 216.3331 228.4732 241.8677 247.3863 256.3201 268.3282 283.0194 295.4657 308.8689 324.4996 342.0526 361.2478 381.8377 403.6087 424.2641 445.9821 468.615 492.0366 516.1395 540.8327 550.7268 536.6563 523.9275 510 496.5883 483.7355 469.5743 456.9464 442.9447 429.5346 416.7733 402.4922 384.1875 366.1967 349.8571 335.4102 323.1099 308.8689 295.4657 276.5863 258.0698 241.8677 228.4732 218.4033 212.132 210 -9999 -9999 -9999 -9999 -9999 -9999 -9999 -9999 -9999 -9999 -9999 -9999
42.42641 60 60 67.08204 84.85281 90 94.86833 108.1665 123.6932 134.1641 150 152.9706 161.5549 174.9286 189.7367 201.2461 212.132 218.4033 228.4732 241.8677 256.3201 268.3282 283.0194 300 318.9044 339.4113 361.2478 381.8377 403.6087 426.3801 450 474.3416 499.2995 524.7856 550.7268 563.6488 550.7268 536.6563 523.9275 510 496.5883 483.7355 469.5743 456.9464 442.9447 426.3801 408.0441 391.1521 375.8989 362.4914 349.8571 335.4102 318.9044 300 283.0194 268.3282 256.3201 247.3863 241.8677 240 -9999 -9999 -9999 -9999 -9999 -9999 -9999 -9999 -9999 -9999 -9999 -9999
30 30 30 42.42641 60 60 67.08204 84.85281 94.86833 108.1665 120 123.6932 134.1641 150 161.5549 174.9286 182.4829 189.7367 201.2461 216.3331 228.4732 241.8677 258.0698 276.5863 296.9849 318.9044 339.4113 361.2478 384.1875 408.0441 432.6662 457.9301 483.7355 510 536.6563 563.6488 577.0615 563.6488 550.7268 536.6563 523.9275 510 496.5883 483.7355 468.615 450 432.6662 416.7733 402.4922 390 375.8989 361.2478 342.0526 324.4996 308.8689 295.4657 284.605 276.5863 271.6616 270 -9999 -9999 -9999 -9999 -9999 -9999 -9999 -9999 -9999 -9999 -9999 -9999
0 0 0 30 30 30 42.42641 60 67.08204 84.85281 90 94.86833 108.1665 123.6932 134.1641 150 152.9706 161.5549 174.9286 189.7367 201.2461 216.3331 234.3075 254.5584 276.5863 296.9849 318.9044 342.0526 366.1967 391.1521 416.7733 442.9447 469.5743 496.5883 523.9275 550.7268 577.0615 590.9315 577.0615 563.6488 550.7268 536.6563 523.9275 510 492.0366 474.3416 457.9301 442.9447 429.5346 416.7733 402.4922 384.1875 366.1967 349.8571 335.4102 323.1099 313.2092 305.9412 301.4963 300 -9999 -9999 -9999 -9999 -9999 -9999 -9999 -9999 -9999 -9999 -9999 -9999
30 30 30 0 0 0 30 30 42.42641 60 60 67.08204 84.85281 94.86833 108.1665 120 123.6932 134.1641 150 161.5549 174.9286 192.0937 212.132 234.3075 254.5584 276.5863 300 324.4996 349.8571 375.8989 402.4922 429.5346 456.9464 483.7355 510 536.6563 563.6488 590.9315 603.7383 590.9315 577.0615 563.6488 550.7268 534.1348 516.1395 499.2995 483.7355 469.5743 456.9464 442.9447 426.3801 408.0441 391.1521 375.8989 362.4914 351.141 342.0526 335.4102 331.3608 330 -9999 -9999 -9999 -9999 -9999 -9999 -9999 -9999 -9999 -9999 -9999 -9999
60 60 42.42641 30 0 30 0 0 30 30 30 42.42641 60 67.08204 84.85281 90 94.86833 108.1665 123.6932 134.1641 150 169.7056 192.0937 212.132 234.3075 258.0698 283.0194 308.8689 335.4102 362.4914 390 416.7733 442.9447 469.5743 496.5883 523.9275 551.5433 579.3962 607.4537 617.7378 603.7383 590.9315 576.2812 558.0323 540.8327 524.7856 510 496.5883 483.7355 468.615 450 432.6662 416.7733 402.4922 390 379.4733 371.0795 364.9658 361.2478 360 -9999 -9999 -9999 -9999 -9999 -9999 -9999 -9999 -9999 -9999 -9999 -9999
90 84.85281 60 30 0 0 30 30 0 0 0 30 30 42.42641 60 60 67.08204 84.85281 94.86833 108.1665 127.2792 150 169.7056 192.0937 216.3331 241.8677 268.3282 295.4657 323.1099 349.8571 375.8989 402.4922 429.5346 456.9464 484.6648 512.6402 540.8327 569.21 597.7458 626.4184 630.7139 618.4658 600 582.4946 566.0389 550.7268 536.6563 523.9275 510 492.0366 474.3416 457.9301 442.9447 429.5346 417.8517 408.0441 400.2499 394.5884 391.1521 -9999 -9999 -9999 -9999 -9999 -9999 -9999 -9999 -9999 -9999 -9999 -9999 -9999
120 94.86833 67.08204 42.42641 30 0 30 42.42641 30 30 30 0 0 30 30 30 42.42641 60 67.08204 84.85281 108.1665 127.2792 150 174.9286 201.2461 228.4732 256.3201 283.0194 308.8689 335.4102 362.4914 390 417.8517 445.9821 474.3416 502.8916 531.6014 560.4462 589.4065 618.4658 647.611 642.028 624.2596 607.4537 591.6925 577.0615 563.6488 550.7268 534.1348 516.1395 499.2995 483.7355 469.5743 456.9464 445.9821 436.8066 429.5346 424.2641 421.0701 -9999 -9999 -9999 -9999 -9999 -9999 -9999 -9999 -9999 -9999 -9999 -9999 -9999
123.6932 94.86833 67.08204 42.42641 30 0 30 60 60 60 42.42641 30 30 0 0 0 30 30 42.42641 67.08204 84.85281 108.1665 134.1641 161.5549 189.7367 216.3331 241.8677 268.3282 295.4657 323.1099 351.141 379.4733 408.0441 436.8066 465.7253 494.7727 523.9275 553.1727 582.4946 611.8823 641.3267 666.1081 648.9992 632.8507 617.7378 603.7383 590.9315 576.2812 558.0323 540.8327 524.7856 510 496.5883 484.6648 474.3416 465.7253 458.9117 453.9824 450.9989 -9999 -9999 -9999 -9999 -9999 -9999 -9999 -9999 -9999 -9999 -9999 -9999 -9999
120 90 60 30 0 30 42.42641 67.08204 90 84.85281 67.08204 60 42.42641 30 30 30 0 0 30 42.42641 67.08204 94.86833 123.6932 150 174.9286 201.2461 228.4732 256.3201 284.605 313.2092 342.0526 371.0795 400.2499 429.5346 458.9117 488.3646 517.8803 547.4486 577.0615 606.7125 636.3961 666.1081 674.1661 658.6349 644.1273 630.7139 618.4658 600 582.4946 566.0389 550.7268 536.6563 523.9275 512.6402 502.8916 494.7727 488.3646 483.7355 480.9366 -9999 -9999 -9999 -9999 -9999 -9999 -9999 -9999 -9999 -9999 -9999 -9999 -9999
