SpatialData/RES_GREENPER/alper400_30mlg.asc
ncols         299
nrows         658
xllcorner     582840.57256934
yllcorner     4505984.7454546
cellsize      30
NODATA_value  -9999
[rows 300 to 329 of 658, columns 136 to 203 of 299]
0.2366157 0.2299785 0.2404401 0.2528984 0.2595106 0.2678053 0.2753848 0.2821856 0.2870394 0.2924538 0.3036394 0.3208607 0.3399211 0.3591248 0.3781227 0.3969824 0.4182944 0.4404948 0.4620994 0.4789947 0.5022811 0.5238842 0.5461234 0.5684199 0.5887203 0.60759 0.6299475 0.6536501 0.6749017 0.6992169 0.72239 0.7328417 0.7467557 0.7555215 0.7682278 0.7778452 0.7836263 0.7864474 0.7804262 0.7624605 0.7397683 0.7209256 0.7009287 0.6709927 0.6417064 0.6115995 0.5811045 0.5543355 0.5271802 0.5043085 0.4835108 0.4700074 0.459049 0.446008 0.4295948 0.4156403 0.4031676 0.3942429 0.3880818 0.3771096 0.3686217 0.3580807 0.3461018 0.3381806 0.3355999 0.3307251 0.3215413 0.3120607
0.230642 0.2323488 0.2454412 0.2582307 0.266371 0.2723537 0.2795539 0.2878715 0.2927893 0.3008952 0.315082 0.3354563 0.3566384 0.3756525 0.3973472 0.4176867 0.4393232 0.4596757 0.4787568 0.4994682 0.5225292 0.5446597 0.5678887 0.5904781 0.6110902 0.6315545 0.6506585 0.6714119 0.6936379 0.7164271 0.7397588 0.7553813 0.7697983 0.7822662 0.795208 0.8061021 0.8124086 0.8114793 0.8016351 0.7827803 0.7613088 0.7431163 0.7191939 0.6880666 0.6560281 0.6222877 0.588696 0.5604238 0.5352105 0.5097557 0.4878484 0.4712243 0.4604464 0.4446321 0.4293376 0.4174218 0.4037066 0.3932369 0.3845789 0.3713235 0.3620678 0.3500325 0.3386624 0.3340724 0.3311286 0.3237972 0.3152669 0.3091989
0.2273778 0.2367185 0.2503462 0.2640686 0.2719153 0.2791291 0.2864874 0.291962 0.2961472 0.3091207 0.3259606 0.3464272 0.3674474 0.3910483 0.4122646 0.4301721 0.4521276 0.4739245 0.4973356 0.5167089 0.5407565 0.5662946 0.5889451 0.6096019 0.632044 0.6531012 0.6734508 0.6924259 0.7123288 0.7320639 0.7537781 0.7735352 0.7887325 0.8038018 0.8177656 0.8303582 0.8378749 0.8333634 0.8212198 0.8007379 0.7816885 0.7586581 0.7323564 0.7015029 0.666982 0.6334465 0.5982698 0.5689911 0.541529 0.5146371 0.4901037 0.4711454 0.4581075 0.4406716 0.4261348 0.4134566 0.3983841 0.3865663 0.3779153 0.364566 0.3554416 0.3443074 0.3361171 0.3261226 0.3219679 0.3193894 0.3111686 0.3039383
0.2264594 0.2401579 0.256149 0.267886 0.2785535 0.2869055 0.2917974 0.2937278 0.3037763 0.3169874 0.3352338 0.3551537 0.377034 0.4018253 0.4240973 0.4453579 0.4680122 0.491041 0.5129078 0.5333861 0.5561718 0.5855467 0.6114765 0.6312889 0.6533871 0.6759974 0.6949305 0.7130025 0.729027 0.7504135 0.7699144 0.7891015 0.8071845 0.8235553 0.8345422 0.848343 0.8584211 0.8543286 0.8365893 0.8168768 0.7976564 0.7709033 0.743071 0.7127076 0.6770463 0.6434441 0.6078433 0.5751625 0.5450977 0.5199373 0.4963722 0.4738852 0.453564 0.4380154 0.426123 0.4117757 0.395284 0.3836689 0.3700984 0.3595942 0.3475496 0.334001 0.3265541 0.3202559 0.3156534 0.3117137 0.3072636 0.3005384
0.2249392 0.2425425 0.2593192 0.2730515 0.2837468 0.2901797 0.2957302 0.3012789 0.30776 0.3240605 0.3416469 0.3610327 0.3844779 0.4085244 0.4328192 0.459723 0.4869872 0.5075211 0.5269578 0.5504825 0.5759658 0.6026751 0.630672 0.6557871 0.6765372 0.6958957 0.7146743 0.7328601 0.7461438 0.7662353 0.7838342 0.8029978 0.8216575 0.8384628 0.8523159 0.8617546 0.8705413 0.8673783 0.8499567 0.8319124 0.8089866 0.782169 0.7544853 0.7224063 0.6855663 0.6500162 0.6151073 0.5815687 0.5520415 0.5254267 0.4997416 0.4755918 0.4534425 0.4357792 0.4234343 0.4089308 0.3959914 0.3834454 0.3679605 0.3535318 0.3376696 0.3234971 0.3144216 0.3084041 0.3054 0.3059014 0.3046248 0.2980516
0.2255592 0.2436557 0.2602535 0.2768288 0.2886223 0.2970031 0.3012199 0.3077948 0.3168705 0.3352119 0.3549732 0.3733253 0.3960869 0.41792 0.4455837 0.4712694 0.4973233 0.5196148 0.5410784 0.5668191 0.5929099 0.6196026 0.6470743 0.6744213 0.6964104 0.715082 0.7351955 0.7501721 0.7641195 0.7783859 0.7963154 0.8172107 0.836259 0.8513838 0.8653845 0.8745591 0.8802844 0.8723568 0.8549134 0.8384123 0.8161916 0.7897412 0.7594102 0.7281756 0.6903027 0.6529186 0.6198662 0.5874085 0.558727 0.5309126 0.5059353 0.4784173 0.4527129 0.4356437 0.421141 0.409217 0.397789 0.3797778 0.3626728 0.3479109 0.3325054 0.3156652 0.3067147 0.297886 0.2967727 0.2951544 0.2953145 0.294854
0.2266807 0.244211 0.2610259 0.2776983 0.2875808 0.2983127 0.3043407 0.3157893 0.3315076 0.3484504 0.3676026 0.388002 0.4075902 0.4290404 0.4564779 0.4798426 0.5057089 0.5297939 0.5530211 0.5784608 0.6061702 0.6345338 0.6604738 0.6886899 0.7111987 0.7329837 0.7530305 0.7654843 0.7779993 0.7882137 0.807829 0.831109 0.8494987 0.863869 0.8775731 0.8868569 0.889275 0.8778633 0.8598412 0.8384269 0.8136318 0.7888048 0.7588736 0.7284294 0.694382 0.6568248 0.6242996 0.5923838 0.5632492 0.5373542 0.5103877 0.4813158 0.4565616 0.4378479 0.4245856 0.4131753 0.399394 0.3785982 0.3601988 0.3430858 0.3267439 0.3116657 0.2973624 0.2916584 0.2907014 0.2884677 0.2907686 0.2892961
0.2255256 0.2425297 0.2566071 0.2718755 0.2888453 0.2988096 0.3072778 0.3228119 0.3411281 0.3600242 0.3787892 0.3996116 0.4214374 0.4435408 0.4665768 0.4898505 0.5153087 0.5373466 0.5629461 0.5912077 0.6200315 0.6464035 0.6722784 0.6960676 0.7188715 0.7441124 0.7632601 0.7764781 0.7877936 0.7982175 0.8187447 0.8397521 0.8564833 0.8732874 0.8883999 0.8970923 0.8920302 0.8834376 0.8642373 0.8379933 0.8078699 0.780591 0.7508435 0.7225497 0.6909832 0.6601595 0.627834 0.5975928 0.5687605 0.5412378 0.5107374 0.4834055 0.4612328 0.4446858 0.4328061 0.417156 0.3966784 0.3778965 0.3581445 0.3382341 0.3184104 0.3026176 0.2893664 0.2833949 0.2819363 0.2842124 0.2808367 0.2764158
0.2221924 0.2393834 0.2568611 0.2711817 0.2849007 0.2952589 0.3141518 0.3329178 0.3520449 0.3687964 0.3915896 0.4121055 0.4344096 0.454485 0.4786114 0.5022402 0.5251043 0.5494074 0.575512 0.602424 0.628202 0.6539009 0.68065 0.7036834 0.7284389 0.7521204 0.7670278 0.7838587 0.7955863 0.8092907 0.8276327 0.8447888 0.8626634 0.88028 0.8942177 0.8996475 0.8960977 0.8856709 0.8674337 0.838447 0.8046824 0.7737471 0.7417198 0.7114431 0.6842926 0.6591145 0.6324441 0.6069539 0.5788586 0.5477468 0.51609 0.4914175 0.4711981 0.4518607 0.4349683 0.4164399 0.3965137 0.3750226 0.3547938 0.3321467 0.3132284 0.2938064 0.2820423 0.2767699 0.274853 0.2756323 0.2725268 0.268014
0.2275093 0.2393735 0.253806 0.2673619 0.2793202 0.2942781 0.3145219 0.3379515 0.3605146 0.3806235 0.400409 0.4209367 0.4411816 0.4648896 0.4907072 0.5120454 0.5402554 0.5657128 0.5879546 0.6119226 0.6344287 0.6622933 0.6862189 0.7116179 0.7399209 0.7591441 0.7766101 0.7928862 0.8049486 0.8209298 0.8358986 0.8519082 0.8692778 0.8863553 0.8982937 0.898525 0.8971542 0.8869764 0.8690121 0.8395437 0.8064144 0.7730058 0.7354579 0.7026426 0.6781067 0.6523405 0.6324285 0.609028 0.5808241 0.5500366 0.5226198 0.4980923 0.4775312 0.4570595 0.4366176 0.4145806 0.3907791 0.3710381 0.3525495 0.3266423 0.303048 0.2849343 0.2766162 0.2733695 0.2704954 0.2660034 0.2593343 0.2579233
0.2312354 0.2408875 0.2540465 0.2666169 0.2790827 0.2974915 0.3202301 0.3427709 0.365923 0.3904833 0.4105455 0.4283633 0.4512394 0.4785643 0.5011526 0.5242395 0.5524353 0.5747069 0.5994884 0.6191753 0.6426393 0.6677403 0.6958321 0.7222767 0.7473169 0.7681962 0.7860177 0.8024133 0.8141502 0.8293945 0.8454956 0.8617017 0.877121 0.8912555 0.8961234 0.897415 0.8951935 0.883114 0.8651454 0.8399453 0.8071519 0.7743046 0.738139 0.706391 0.6778687 0.6493475 0.625107 0.6041309 0.5777932 0.5522891 0.5268337 0.5052204 0.480262 0.4574342 0.4365636 0.4128918 0.3864695 0.3657746 0.3461958 0.3211635 0.2992996 0.280628 0.272994 0.2690601 0.2659957 0.2556121 0.2512837 0.2508063
0.2308164 0.2453739 0.2569342 0.2692676 0.2848638 0.3040421 0.3273963 0.3502329 0.37659 0.3987922 0.4181024 0.4389425 0.4661404 0.4872087 0.5079092 0.5338901 0.5596994 0.583583 0.6035971 0.6245376 0.6478176 0.6747994 0.7026431 0.7299326 0.7534496 0.7737521 0.7960311 0.8118694 0.8251307 0.8387606 0.8540673 0.8710604 0.8856534 0.8972038 0.896408 0.8954249 0.8883137 0.8736708 0.8554478 0.8320082 0.8034512 0.7725112 0.7410951 0.7107249 0.6818602 0.6542624 0.6298549 0.6052496 0.5786232 0.5536001 0.5285845 0.5020692 0.478288 0.4536166 0.4282867 0.4067305 0.3839064 0.3606625 0.3380648 0.3111769 0.2884997 0.2772968 0.2690086 0.2642712 0.2566166 0.2442636 0.2433578 0.2471633
0.2291023 0.2388892 0.2555583 0.2684709 0.2877438 0.3096719 0.3313906 0.3560213 0.384089 0.4072855 0.4288524 0.4503744 0.4745608 0.4959387 0.5166043 0.5395912 0.5646273 0.5839885 0.6014743 0.6230876 0.6490717 0.6765901 0.7039641 0.7297838 0.7541066 0.7762746 0.7994441 0.8179843 0.8332783 0.8483294 0.8645968 0.8785516 0.8904944 0.8945365 0.8935372 0.8897752 0.8764758 0.8610638 0.841818 0.8202865 0.795465 0.7651536 0.7373007 0.7114592 0.6838225 0.6613023 0.6385376 0.6078339 0.5834089 0.5562789 0.5286171 0.4962871 0.4691565 0.4426577 0.4196536 0.3979271 0.3771847 0.3555059 0.3317981 0.302484 0.279688 0.26917 0.2625012 0.259404 0.2484966 0.2411882 0.2413003 0.2395853
0.2314087 0.2377391 0.2452528 0.2653163 0.2874977 0.3119122 0.335363 0.359652 0.3839284 0.4106428 0.4386504 0.4604683 0.4825978 0.5014765 0.5200089 0.5416492 0.5590259 0.5780499 0.5972202 0.6214679 0.6477965 0.6752306 0.7025535 0.7312884 0.75604 0.777551 0.7995167 0.820506 0.8368161 0.854374 0.8701028 0.8848969 0.8935656 0.8918746 0.8867972 0.8789397 0.8647888 0.8470286 0.8267739 0.8056653 0.7827882 0.7562495 0.7321695 0.7083852 0.6850582 0.6627254 0.6372279 0.6080468 0.5842442 0.5583777 0.5268669 0.492461 0.4623642 0.4342948 0.4125954 0.3923175 0.3718893 0.3478022 0.326308 0.3022566 0.2794846 0.2666336 0.2605422 0.2546315 0.246237 0.242772 0.2415226 0.2384404
0.2331925 0.2345979 0.2459736 0.2650364 0.2891655 0.3112174 0.337194 0.3637667 0.3880219 0.4171357 0.4452193 0.4674291 0.4872702 0.5046856 0.5225967 0.5408641 0.557954 0.5774095 0.5993959 0.6271099 0.654906 0.683263 0.7122899 0.7378976 0.7604744 0.7830112 0.803188 0.8219249 0.8374061 0.8562027 0.8738642 0.887983 0.8902689 0.8886674 0.8838486 0.87072 0.8569883 0.8369815 0.8130005 0.7916883 0.7671131 0.7481806 0.7266425 0.7063557 0.683778 0.6643999 0.6341494 0.6054468 0.5800818 0.5547603 0.5239865 0.4911194 0.456785 0.4299156 0.4088552 0.3882977 0.3669037 0.3419817 0.318288 0.2973237 0.2799066 0.2674706 0.2601012 0.254876 0.2482742 0.2477481 0.2458386 0.2417612
0.2340591 0.238179 0.2517265 0.2715434 0.2946691 0.3204078 0.3449754 0.3699709 0.3960963 0.4253064 0.4486165 0.4691893 0.4879263 0.5063879 0.5257457 0.5439481 0.5621058 0.5844716 0.610475 0.6403199 0.6689572 0.6980551 0.7252604 0.7473769 0.7682989 0.7886141 0.8052783 0.8225779 0.8390766 0.8592604 0.8752354 0.884173 0.8844681 0.884638 0.8792397 0.8644592 0.8478991 0.8293055 0.8044587 0.7759495 0.7529354 0.7376552 0.720626 0.7032853 0.6805547 0.6593913 0.6298575 0.5982798 0.5706518 0.5452948 0.5146877 0.4826933 0.4513143 0.4225988 0.4026831 0.3799631 0.3582297 0.3347654 0.3135108 0.2910336 0.2786717 0.2679985 0.2576719 0.2542721 0.2536144 0.252334 0.2496568 0.2484872
0.23666 0.2476974 0.2625287 0.2827073 0.3061537 0.3279769 0.3545422 0.3779366 0.4039608 0.4282593 0.4504489 0.4720051 0.4941144 0.5123885 0.5315714 0.5499536 0.5717658 0.5959108 0.6253012 0.6546355 0.6829399 0.7112325 0.7344481 0.7539775 0.7752361 0.7924773 0.8099693 0.8269781 0.8430764 0.8589455 0.8693781 0.8726166 0.8750404 0.8780716 0.8710162 0.8569145 0.8375197 0.8186463 0.7938911 0.7643068 0.7446156 0.7281929 0.7118158 0.6976244 0.6762715 0.6499191 0.62051 0.58929 0.5587431 0.5290371 0.5000832 0.4701353 0.4424486 0.4182046 0.3931115 0.3695129 0.34615 0.3231469 0.3033018 0.287438 0.2806987 0.2692135 0.2604094 0.2565374 0.2564379 0.2547154 0.2522328 0.2538837
0.2399019 0.2580906 0.2751661 0.2966751 0.3195677 0.3444118 0.3655847 0.3885449 0.4122548 0.4352001 0.4573154 0.4777248 0.4996492 0.5195281 0.5406235 0.5612862 0.583815 0.6112288 0.6403959 0.6664087 0.6923859 0.7178496 0.7384945 0.7577094 0.7762257 0.7922244 0.8094075 0.8237559 0.8361621 0.8458763 0.852174 0.8571113 0.8630362 0.8631306 0.8567594 0.843626 0.8250462 0.8038977 0.7803002 0.7537295 0.7329856 0.7164776 0.7002948 0.6827801 0.6611841 0.6351706 0.6065949 0.576845 0.5444513 0.5132623 0.4808531 0.4528495 0.4306321 0.407525 0.3816468 0.3540491 0.3289523 0.3080661 0.2943545 0.2836505 0.2742157 0.269225 0.2659041 0.2627587 0.2596352 0.2574324 0.2577912 0.2572431
0.2445412 0.2616466 0.2850147 0.3065428 0.3291779 0.3558621 0.3807526 0.3999152 0.423757 0.4455477 0.4693037 0.4893981 0.5065984 0.5287086 0.5522128 0.5728952 0.5969409 0.6224781 0.6486665 0.6735461 0.6974295 0.7199298 0.7393308 0.7577816 0.7714614 0.7840409 0.7998331 0.8132651 0.8211172 0.8259474 0.8295388 0.8366163 0.8455057 0.8443707 0.8374707 0.8257774 0.8085134 0.7855639 0.761358 0.738198 0.7210529 0.7054626 0.687718 0.6665761 0.6409992 0.6136721 0.5888912 0.5598648 0.5307257 0.4975442 0.4652364 0.4387625 0.4141767 0.3924859 0.3677937 0.3382422 0.3136212 0.2961791 0.2856383 0.2752154 0.2681413 0.2630068 0.2671019 0.2688771 0.2672608 0.2650984 0.2616634 0.2609727
0.2526602 0.271377 0.2955092 0.3171905 0.3441966 0.3664929 0.3918371 0.4165063 0.4391046 0.459148 0.4804981 0.4940785 0.5118486 0.5344293 0.5572112 0.5794711 0.5982903 0.6224486 0.647401 0.674312 0.697816 0.7151936 0.7328966 0.7461891 0.7594419 0.7716092 0.7863611 0.7992179 0.8037066 0.8052189 0.8086461 0.8184487 0.8246871 0.8225135 0.8153505 0.8021703 0.7848251 0.7630887 0.7409509 0.7196795 0.7046314 0.6885281 0.6733549 0.6491086 0.6204123 0.5926368 0.5687786 0.5441315 0.5164773 0.4836828 0.4495678 0.4213783 0.3986587 0.3770998 0.3547088 0.3249438 0.3018891 0.2885977 0.278568 0.2678315 0.2634075 0.262807 0.2669644 0.2694771 0.2691303 0.2723846 0.269166 0.266304
0.2669475 0.2853511 0.3076868 0.3308186 0.3556927 0.3797797 0.404123 0.4237511 0.443661 0.4653508 0.4830679 0.4970129 0.5129836 0.5349993 0.5550681 0.5732327 0.5933086 0.6177617 0.642689 0.668262 0.6894097 0.7066527 0.7202299 0.7297058 0.7426406 0.7551938 0.7697128 0.7809905 0.7877265 0.787869 0.7922008 0.8002594 0.8000223 0.7942286 0.7866163 0.7729761 0.7582538 0.7391541 0.7176505 0.6999947 0.6842104 0.6675183 0.6514251 0.6277827 0.5993273 0.572694 0.5488439 0.5236605 0.4994832 0.4682133 0.4339526 0.4053778 0.3856141 0.3641216 0.3419119 0.3179351 0.2974005 0.2807429 0.2726593 0.2649886 0.2601538 0.2634759 0.2701671 0.2719963 0.2731087 0.275238 0.2727138 0.2702346
0.281182 0.2993748 0.3178675 0.3400723 0.3647366 0.388938 0.4099859 0.425962 0.4450479 0.4649637 0.4801778 0.4949233 0.5130434 0.5295477 0.5488142 0.565746 0.5849648 0.6077753 0.6307415 0.6553201 0.6748484 0.6918926 0.7047625 0.7170191 0.7279182 0.7411112 0.7558928 0.7666505 0.7726 0.7740093 0.7761689 0.7748941 0.7692221 0.7642114 0.7570168 0.7462312 0.7312222 0.7160988 0.6959685 0.6778573 0.6623036 0.646935 0.6285456 0.607213 0.5839653 0.5552461 0.5282596 0.5029384 0.4785977 0.4501009 0.4207905 0.3924815 0.3648548 0.3423678 0.322396 0.3080172 0.2925237 0.2780911 0.2657592 0.2587337 0.2598682 0.2688374 0.2733429 0.2730983 0.274539 0.2756819 0.2720405 0.2711398
0.292421 0.3106438 0.331176 0.3523223 0.3737991 0.3976801 0.4138483 0.4284319 0.444699 0.461569 0.4791109 0.4933344 0.5078598 0.5227347 0.5398481 0.5550269 0.572988 0.5932325 0.6133533 0.6340646 0.6517637 0.6671211 0.6792332 0.6920941 0.7067331 0.7213184 0.7351229 0.7461083 0.7483903 0.7526085 0.7518902 0.7452802 0.7407768 0.7365842 0.7276592 0.7165503 0.7030798 0.6916748 0.6758082 0.658451 0.6409028 0.626366 0.6069477 0.5865054 0.5616494 0.5371954 0.5112562 0.4851045 0.4573069 0.4290414 0.403237 0.3784032 0.3520039 0.3268959 0.3089991 0.2952679 0.2823905 0.2738482 0.2651086 0.2601347 0.2658367 0.2754263 0.27887 0.2762769 0.2742628 0.2740211 0.2711463 0.2689242
0.3051579 0.3220532 0.3435203 0.3633699 0.3814315 0.4031084 0.4193924 0.4300625 0.4414086 0.4566574 0.4702057 0.482529 0.495749 0.5124782 0.5284457 0.5426044 0.5572078 0.5722183 0.5903407 0.6084819 0.6255074 0.6388178 0.6499845 0.6635227 0.6810272 0.6982945 0.7135185 0.7202914 0.7216201 0.7272822 0.7264877 0.7192954 0.7126623 0.7048854 0.6950837 0.6840709 0.6726228 0.6651052 0.6525173 0.636483 0.619522 0.6031393 0.5865341 0.5656783 0.5401187 0.5190732 0.4933092 0.4653916 0.4383832 0.4119439 0.3875386 0.365049 0.3403454 0.3152005 0.2977654 0.2852088 0.2730091 0.2667755 0.2618986 0.2608329 0.2715647 0.28296 0.2838411 0.2810642 0.2767096 0.2748991 0.2697182 0.2693616
0.320339 0.3381521 0.3554478 0.3707083 0.389547 0.4091055 0.4203477 0.4295916 0.4387148 0.4489457 0.4600203 0.468861 0.4807988 0.4979118 0.5127948 0.5262994 0.5369481 0.5496729 0.5654929 0.5816222 0.5972223 0.6095033 0.6207258 0.635918 0.6550755 0.6737701 0.6885121 0.6913763 0.6949964 0.7002959 0.6983564 0.6908371 0.6827344 0.6737146 0.6616785 0.6497366 0.6416826 0.6353473 0.6262252 0.6125914 0.5966327 0.5791515 0.5646495 0.5457484 0.5255237 0.5011062 0.4728315 0.4442815 0.4183114 0.3950928 0.3731312 0.351746 0.3281812 0.3056779 0.2907835 0.2823563 0.2720227 0.2658317 0.2627212 0.2690558 0.2795089 0.2853039 0.2914417 0.2902201 0.2876096 0.2801185 0.2698088 0.2706865
0.335094 0.3528821 0.3672219 0.3786625 0.3936371 0.4114269 0.4212243 0.4273313 0.4329174 0.4413146 0.447713 0.4574715 0.4696161 0.4822242 0.4958697 0.5080523 0.5157666 0.5252802 0.5395965 0.5536337 0.5677351 0.5795677 0.590852 0.6079544 0.6287203 0.6479198 0.6581661 0.6613462 0.66549 0.6694511 0.6664904 0.6594291 0.6525009 0.6428979 0.6313766 0.6199521 0.6116977 0.6067163 0.5976864 0.5846934 0.5719684 0.5587738 0.5435251 0.5265995 0.5051646 0.4809616 0.4556137 0.426238 0.3995024 0.3770198 0.3591134 0.3370306 0.3122503 0.2965455 0.2867159 0.2809153 0.2720739 0.2689965 0.2684551 0.2813819 0.2880377 0.2893313 0.2931173 0.2958125 0.2931331 0.2827398 0.2721728 0.272939
0.3494912 0.3646788 0.3752316 0.3884354 0.3991182 0.4115131 0.4203701 0.420877 0.424278 0.4298723 0.4354169 0.4436238 0.4565124 0.4677539 0.4787868 0.4871895 0.4957683 0.500778 0.5127855 0.5254367 0.5381463 0.5485696 0.5598687 0.5801592 0.6001625 0.6181266 0.6254408 0.632534 0.6346045 0.6362403 0.6320171 0.6270561 0.6204702 0.6120518 0.6017116 0.5897777 0.5813462 0.577004 0.5700641 0.5578625 0.5485218 0.5358688 0.5209296 0.504316 0.4847434 0.4622693 0.4358207 0.4075929 0.3843746 0.360432 0.3387947 0.3183755 0.2991281 0.2852214 0.2800263 0.2754037 0.2709476 0.270931 0.2777992 0.2895745 0.2965697 0.2962659 0.2962584 0.2951256 0.2911129 0.2819586 0.2720857 0.2678543
0.3555839 0.3702751 0.381331 0.3929788 0.4009374 0.4150872 0.4182661 0.4184377 0.4199535 0.4220062 0.4255223 0.4292448 0.4391153 0.4498629 0.4611587 0.4682861 0.4744397 0.4786383 0.4859427 0.4958394 0.5067273 0.517324 0.5312603 0.5512878 0.5705988 0.5817838 0.592501 0.598989 0.6012119 0.5993723 0.5963823 0.5928205 0.5871866 0.5802639 0.569368 0.5592123 0.5517338 0.5465311 0.5406044 0.5332443 0.5257165 0.5110559 0.4958424 0.4796841 0.4627981 0.4411044 0.4157327 0.3913029 0.3704902 0.3490306 0.3215688 0.300501 0.2857949 0.275937 0.2735524 0.2708529 0.2704763 0.276603 0.2876104 0.2955533 0.2979832 0.2987061 0.2976217 0.2949617 0.2904542 0.2784334 0.2705562 0.2634299
0.3596189 0.3749355 0.3861271 0.3953174 0.4069283 0.413309 0.4161275 0.4163825 0.4151407 0.4166913 0.4180479 0.4195279 0.4271582 0.4351062 0.4432938 0.4505237 0.4544114 0.457923 0.4622077 0.4682404 0.4767597 0.4860277 0.5024479 0.5201579 0.5363927 0.5466239 0.5597013 0.5661644 0.5659922 0.5628073 0.5615396 0.5573884 0.5539531 0.5479103 0.5360753 0.527876 0.5219465 0.5170357 0.5115663 0.5079503 0.5007623 0.4862648 0.4706613 0.4543863 0.4381107 0.420225 0.4010227 0.3776884 0.3576808 0.3344091 0.307809 0.29235 0.2785338 0.2693586 0.2681197 0.2683955 0.2724347 0.2784082 0.2895151 0.2968498 0.3009512 0.2996683 0.2957814 0.2930601 0.2850716 0.2723776 0.2658791 0.2578244
0.3606101 0.3754344 0.3912356 0.3982722 0.405894 0.4135545 0.4158003 0.4152141 0.4125199 0.4108398 0.411787 0.4113536 0.4160292 0.4220562 0.4261874 0.4298968 0.4343091 0.4372271 0.4389394 0.441948 0.4463754 0.4562886 0.4720876 0.4879146 0.4986969 0.5104746 0.5254583 0.5310597 0.5308141 0.528515 0.5258369 0.5216255 0.5194874 0.5132347 0.5061105 0.4985895 0.4917313 0.4867932 0.4852235 0.483305 0.4765893 0.4633774 0.4496571 0.4336373 0.4170325 0.4019323 0.3851029 0.3665982 0.3486061 0.3229898 0.2981597 0.2810593 0.2702014 0.264351 0.2641906 0.2675678 0.2761473 0.2848857 0.2891946 0.2978334 0.3007693 0.2988866 0.2950584 0.2880963 0.2787251 0.2661178 0.2572246 0.2546791
