SpatialData/RES_GREENPER/alper400_30mlg.asc
ncols         299
nrows         658
xllcorner     582840.57256934
yllcorner     4505984.7454546
cellsize      30
NODATA_value  -9999
[rows 600 to 629 of 658, columns 0 to 67 of 299]
-9999 -9999 -9999 -9999 -9999 -9999 0.198946 0.1880013 0.1818419 0.1832248 0.18449 0.1795731 0.1709194 0.1653909 0.1608132 0.1566605 0.1485239 0.1413776 0.1325973 0.1188497 0.1019617 0.09323055 0.08789368 0.08104084 0.0758503 0.07197718 0.07461991 0.07640574 0.0737579 0.07323952 0.07536107 0.07672396 0.07988235 0.08309376 0.08460785 0.08064234 0.07884649 0.07741231 0.07631361 0.07720567 0.08280946 0.08787542 0.09264561 0.09388503 0.09283023 0.08935953 0.08852901 0.08721239 0.08610387 0.08477009 0.08371349 0.08499706 0.08780094 0.08782132 0.08557479 0.08508381 0.08859777 0.0899941 0.09089827 0.08783308 0.08645771 0.08632892 0.08583383 0.08513411 0.08243979 0.08077431 0.07401172 0.06690425
-9999 -9999 -9999 -9999 -9999 -9999 0.1936841 0.1838273 0.1755417 0.176285 0.1786988 0.1761147 0.1678758 0.1599315 0.1540332 0.1512905 0.1448402 0.1356112 0.1255533 0.1090567 0.09597739 0.08900172 0.08359013 0.07662022 0.07272996 0.07296953 0.07794774 0.08004856 0.07862609 0.07822675 0.08040785 0.08492269 0.08825622 0.09214079 0.09173231 0.08787106 0.08854469 0.08780865 0.0877669 0.09079672 0.09669716 0.1026054 0.1084428 0.1096145 0.1086231 0.107982 0.1049552 0.1012409 0.09707657 0.09472703 0.09244353 0.09478075 0.09719806 0.09605591 0.09207872 0.09112675 0.09355088 0.09558164 0.09587908 0.09426715 0.09170061 0.09074707 0.09134761 0.08896632 0.08511209 0.08030923 0.07449879 0.06642805
-9999 -9999 -9999 -9999 -9999 0.2043775 0.1909403 0.1816002 0.1727033 0.1716273 0.1736634 0.1730773 0.1671626 0.1578101 0.1497886 0.1451989 0.139002 0.1290125 0.1164715 0.10061 0.09022463 0.0856435 0.07903481 0.07377598 0.07263264 0.07586604 0.08266784 0.08397248 0.08227161 0.08312213 0.08867493 0.09368026 0.09776739 0.09925338 0.097373 0.0943689 0.09633762 0.09775068 0.1011376 0.1056003 0.1103261 0.1162565 0.1196333 0.1195096 0.1218355 0.1229368 0.1205453 0.1149395 0.1100322 0.1064235 0.1040025 0.1026911 0.1033164 0.1003125 0.09669396 0.09423732 0.09760304 0.09983422 0.101468 0.09983505 0.09682589 0.09333264 0.09267407 0.09188055 0.08730174 0.08430644 0.078937 0.06988161
-9999 -9999 -9999 -9999 -9999 0.2100729 0.1946425 0.1825086 0.17196 0.166868 0.1680612 0.1688208 0.164965 0.1567781 0.1475093 0.138934 0.1301388 0.1197038 0.1070153 0.09463082 0.08743014 0.08204965 0.07514091 0.07220165 0.07733581 0.08312927 0.08934622 0.08765008 0.08618715 0.0914738 0.09773394 0.09999479 0.09858859 0.09916817 0.09790988 0.09818089 0.1034289 0.1083068 0.1097618 0.1131531 0.118066 0.1265457 0.1306958 0.131334 0.1321533 0.1343739 0.1337804 0.1318212 0.124583 0.1179686 0.1133719 0.1102183 0.1093787 0.1081775 0.1053979 0.1031878 0.1035678 0.1054162 0.107873 0.1070626 0.1034208 0.1008638 0.09656923 0.09642889 0.09248082 0.08880975 0.08101343 0.07316841
-9999 -9999 -9999 -9999 -9999 0.2087532 0.1950703 0.1816478 0.1705869 0.1633232 0.1621528 0.1614829 0.1583503 0.1512975 0.141632 0.1319765 0.1211201 0.110222 0.09884645 0.08805259 0.08410607 0.07756953 0.07292394 0.07568333 0.08476308 0.09133535 0.0952239 0.09603182 0.09823331 0.104689 0.1058588 0.1039449 0.1007433 0.1000014 0.09958074 0.1034137 0.1064013 0.1089595 0.1138638 0.1176484 0.1233188 0.1331092 0.1403788 0.1450308 0.1466963 0.1453833 0.1445736 0.1415738 0.1380697 0.1291833 0.124437 0.1221388 0.1211105 0.1184849 0.1163558 0.1130835 0.1125611 0.1136291 0.1164644 0.1150303 0.1092714 0.1078634 0.1035429 0.09965407 0.09905138 0.09521797 0.08542847 0.07854974
-9999 -9999 -9999 -9999 -9999 0.1990053 0.1873756 0.1763275 0.1659405 0.1576239 0.151512 0.1469421 0.1438061 0.1387194 0.1310182 0.1217989 0.1139277 0.1044219 0.09528621 0.085933 0.08061699 0.0748722 0.07297665 0.08155464 0.09081644 0.09771017 0.09908444 0.09872396 0.1047727 0.1094405 0.1099846 0.1083557 0.1043272 0.1038115 0.1049687 0.1065995 0.1096845 0.1135818 0.1179958 0.1207493 0.1289997 0.1400728 0.1517527 0.1567325 0.1590619 0.158024 0.1538407 0.1505439 0.1480717 0.1420413 0.1340701 0.1349428 0.1346351 0.1293859 0.128126 0.127115 0.1254338 0.1264028 0.1262374 0.123645 0.1173242 0.1156462 0.1139763 0.1093997 0.1085819 0.1044762 0.09654607 0.09194165
-9999 -9999 -9999 -9999 -9999 0.1901944 0.1796157 0.168782 0.1592975 0.1512032 0.1437749 0.1384337 0.1333147 0.1270503 0.1217835 0.1157038 0.1098384 0.1048042 0.09477484 0.08430497 0.07950488 0.07319558 0.07661213 0.08625489 0.09653758 0.1007242 0.09700373 0.0984012 0.1061552 0.1087572 0.1086412 0.1077046 0.1068178 0.1095023 0.1118803 0.1140422 0.1137162 0.115561 0.1203112 0.1232552 0.1334977 0.146417 0.1579449 0.1645817 0.168197 0.1681904 0.1642852 0.1604023 0.1568469 0.151705 0.1484401 0.1489284 0.1512288 0.1459967 0.1417837 0.1400535 0.1401179 0.1401991 0.139595 0.1332269 0.1276209 0.1249208 0.1229388 0.1239074 0.1230377 0.1203083 0.1122992 0.1063278
-9999 -9999 -9999 -9999 -9999 0.1818102 0.170999 0.1606802 0.1522927 0.1465695 0.1382574 0.1312518 0.1257031 0.1202464 0.1138132 0.1091512 0.1062082 0.1026135 0.09339566 0.08378755 0.07699174 0.07361612 0.08012661 0.09053007 0.09740231 0.09764171 0.09400348 0.09767006 0.1031951 0.1057758 0.1057549 0.1053763 0.1060684 0.1123929 0.1194656 0.1201493 0.1190843 0.1182887 0.1214928 0.1262902 0.1374901 0.1488626 0.1607407 0.1710714 0.1751629 0.173954 0.1721797 0.1710196 0.1673241 0.1655546 0.1613606 0.1628618 0.1623248 0.1617294 0.1577342 0.1540429 0.1534848 0.152548 0.1508278 0.143905 0.1375554 0.1349333 0.133734 0.134507 0.1349926 0.1308841 0.1255614 0.1197285
-9999 -9999 -9999 -9999 -9999 0.1751993 0.1668056 0.1566445 0.1459218 0.1371879 0.1318876 0.1252881 0.1190064 0.1138518 0.1075379 0.1025812 0.09926242 0.09494782 0.08878553 0.08202849 0.07492623 0.07428247 0.08214187 0.09207863 0.09468079 0.09172777 0.09082808 0.09495812 0.09848064 0.1013318 0.1025575 0.1039963 0.1071206 0.1124052 0.1195564 0.1247969 0.12401 0.1214814 0.1240246 0.1278701 0.1410277 0.1513968 0.1632605 0.1749499 0.1793399 0.1800567 0.1806333 0.181708 0.1809541 0.1807229 0.1801192 0.1776818 0.1740527 0.1751763 0.1744119 0.1727035 0.1696189 0.1656809 0.1611533 0.1535721 0.148267 0.1468668 0.1469323 0.1467849 0.1455648 0.1409509 0.1362665 0.1302545
-9999 -9999 -9999 -9999 -9999 0.1653249 0.1587998 0.1511199 0.1418656 0.1342127 0.1283578 0.1203733 0.1139316 0.1072242 0.1011161 0.09630664 0.09044802 0.08490801 0.08145777 0.07816473 0.07350401 0.07273548 0.07836802 0.08463782 0.08535704 0.08339404 0.08653598 0.09000232 0.09313632 0.09748395 0.0983352 0.1031453 0.107182 0.1125162 0.1202945 0.1245996 0.1276123 0.1274126 0.126568 0.129795 0.1407912 0.1540153 0.1663354 0.1766286 0.1836415 0.186572 0.190908 0.1939285 0.1956154 0.1950558 0.1951566 0.1922005 0.1878472 0.1854648 0.1849874 0.1853381 0.1827185 0.1787067 0.1690309 0.1619695 0.1611945 0.1610857 0.1664369 0.1664709 0.1617033 0.155628 0.1503387 0.143321
-9999 -9999 -9999 -9999 0.1587997 -9999 -9999 -9999 0.1379708 0.1302912 0.1220364 0.1175936 0.1104158 0.1015461 0.09676957 0.09158091 0.08441851 0.07782739 0.07309642 0.07038505 0.07050855 0.07059094 0.07113718 0.07630357 0.07772612 0.07718851 0.08131154 0.08570176 0.08775815 0.09240635 0.09662519 0.1014859 0.1065022 0.1129575 0.1192039 0.1239362 0.1290839 0.1324145 0.1312647 0.1343473 0.1420929 0.1538507 0.1686801 0.1792343 0.1882496 0.1977712 0.2043596 0.2082757 0.2100637 0.2078313 0.202988 0.2014732 0.1998041 0.1943046 0.1924032 0.193504 0.1927353 0.187901 0.1815614 0.1767935 0.1777403 0.1803031 0.1851079 0.1855691 0.1776742 0.169965 0.1621913 0.1549232
-9999 -9999 -9999 -9999 -9999 -9999 -9999 -9999 0.1313635 0.1252724 0.1184469 0.1112387 0.1055514 0.09964661 0.09270982 0.08745419 0.08106925 0.07550754 0.06753659 0.06248403 0.0639743 0.06272583 0.06325803 0.06837352 0.07112528 0.0731563 0.07746896 0.08169424 0.08577832 0.08998328 0.09684123 0.1002877 0.1052967 0.112069 0.1174407 0.1232089 0.1294607 0.1350457 0.1361822 0.1374383 0.1450515 0.1574049 0.1716324 0.1848856 0.192943 0.2059495 0.2158563 0.2230348 0.2229497 0.2172862 0.2120178 0.2101923 0.2074564 0.2014976 0.1973399 0.1998421 0.2021803 0.2009675 0.1973534 0.195856 0.1957896 0.1985219 0.1985737 0.1940369 0.1903331 0.1866191 0.1738069 0.1642835
-9999 -9999 -9999 -9999 -9999 -9999 -9999 0.1329851 0.1265899 0.118368 0.1110472 0.104619 0.09878963 0.09553985 0.0919505 0.08597172 0.08040591 0.07242831 0.06518036 0.05837043 0.05772712 0.056716 0.05700703 0.06150669 0.06604868 0.07081324 0.07610907 0.08042155 0.08370031 0.0871554 0.09371688 0.09944008 0.1041678 0.1122299 0.1165434 0.120512 0.1275508 0.1351359 0.1388113 0.1426619 0.1512611 0.161577 0.1735308 0.1891347 0.2008319 0.2114601 0.2213858 0.2259545 0.2278597 0.2227255 0.221653 0.2220012 0.2162125 0.2127951 0.2110117 0.2103346 0.2108395 0.2145313 0.212177 0.2117672 0.2121103 0.2093897 0.2058 0.2045274 0.2006862 0.1972735 0.1869146 0.1763941
-9999 -9999 -9999 -9999 -9999 -9999 -9999 -9999 0.12617 0.1191866 0.110566 0.1003104 0.0924869 0.09078116 0.08847282 0.08370953 0.07833014 0.07023159 0.06202726 0.05518714 0.05397628 0.0539524 0.05415108 0.05929676 0.0644653 0.07015327 0.07530539 0.0790471 0.08203761 0.08498213 0.08978415 0.09596437 0.1040593 0.1128398 0.1165407 0.1190233 0.1260657 0.1338459 0.1429836 0.1487811 0.1561392 0.1673571 0.179344 0.1942306 0.2083372 0.2189406 0.2253674 0.2301175 0.2305794 0.2267568 0.2288538 0.2319646 0.2288177 0.2261805 0.2242394 0.2211229 0.2201114 0.2206956 0.2218772 0.2195427 0.2176267 0.2142325 0.2123729 0.2104154 0.2072528 0.2057517 0.1962022 0.1874987
-9999 -9999 -9999 -9999 0.160014 0.1502135 -9999 0.131136 0.1225497 0.1155972 0.1090648 0.102659 0.09475049 0.0893747 0.08683479 0.08377723 0.07643823 0.06747039 0.05739898 0.05128747 0.04946263 0.05074528 0.05059798 0.05587304 0.06034454 0.06707718 0.07242463 0.07746593 0.0819177 0.08441837 0.08745305 0.09300283 0.1012782 0.1124036 0.1173698 0.1203915 0.1266714 0.1359561 0.1426051 0.1499626 0.1583981 0.170065 0.1834548 0.1979708 0.2152801 0.2256058 0.2299749 0.2324711 0.2323696 0.2297504 0.2332851 0.234302 0.2345708 0.2350299 0.2320735 0.2265886 0.2232488 0.2202495 0.2178361 0.2199505 0.2213587 0.2196808 0.2212066 0.2163213 0.2156207 0.2141261 0.2064067 0.1947554
-9999 -9999 -9999 -9999 0.1632254 0.1520875 0.1421476 0.1325558 0.1240025 0.1153103 0.1080401 0.1001108 0.09548174 0.09197566 0.08757188 0.08229805 0.07524301 0.06584621 0.05748691 0.05270554 0.05086964 0.05176317 0.05101632 0.05514748 0.05841471 0.06358002 0.06990863 0.07518271 0.08026231 0.08458057 0.08922682 0.09367836 0.1009301 0.1092015 0.1160877 0.1233011 0.1311583 0.1358491 0.1425322 0.1519204 0.1592151 0.1723692 0.1885375 0.2049055 0.2199125 0.2299986 0.2373353 0.2404325 0.2352378 0.2336347 0.2355587 0.2369016 0.2354731 0.2337173 0.2304008 0.2260708 0.2245671 0.220384 0.2198708 0.219668 0.2225685 0.2238537 0.2226694 0.2245305 0.2236805 0.2211435 0.2164311 0.2046199
-9999 -9999 -9999 -9999 0.1677939 0.1560115 0.1450709 0.1346651 0.1254131 0.1177881 0.1102571 0.1023163 0.09724942 0.09431215 0.09073334 0.08639675 0.08184047 0.07127877 0.0629163 0.05718003 0.05378062 0.05322545 0.05273015 0.05644904 0.0591158 0.06328057 0.06983168 0.07502139 0.08031283 0.08530868 0.0915407 0.0980012 0.1024096 0.1093889 0.118562 0.125597 0.1334148 0.1375843 0.1452408 0.1509411 0.1583327 0.1702622 0.1862293 0.2048088 0.2188413 0.2296855 0.2400753 0.2386608 0.2382969 0.2396993 0.2379118 0.235876 0.234289 0.2330329 0.2318214 0.2281558 0.2261428 0.2255232 0.2266928 0.2239386 0.222459 0.2232664 0.2225441 0.2261764 0.231 0.2265128 0.2220037 0.2115409
-9999 -9999 -9999 0.1858409 0.1724264 0.1605028 0.1490261 0.13876 0.1296845 0.1206834 0.1125934 0.1056984 0.1015335 0.1005664 0.09877077 0.09401335 0.08648959 0.07677913 0.06708218 0.05935737 0.05427137 0.05086965 0.05075914 0.05497543 0.05895061 0.0633414 0.07053709 0.07637894 0.08011029 0.08466744 0.09263074 0.09860916 0.1037342 0.1126037 0.1206563 0.1292761 0.1344438 0.1409547 0.1467394 0.1496979 0.1569653 0.1653842 0.1797322 0.1978257 0.2137178 0.2259665 0.2339569 0.2299924 0.2323708 0.2373461 0.2398234 0.2373168 0.2334299 0.2348652 0.233564 0.2318222 0.2291388 0.2287031 0.2297233 0.2276969 0.2257887 0.2249897 0.2251751 0.2285344 0.2340001 0.2322682 0.2271639 0.2186393
-9999 -9999 -9999 0.1918676 0.1782878 0.1647249 0.152719 0.1417916 0.1318366 0.1223345 0.1149776 0.1099831 0.1073231 0.1068892 0.1061783 0.09937919 0.09102514 0.07942952 0.07055349 0.06200509 0.05677842 0.05090001 0.04940784 0.05266245 0.05685386 0.05969913 0.06677466 0.07528376 0.08058679 0.08668373 0.09274282 0.09846646 0.105848 0.1163152 0.1237682 0.131031 0.1372405 0.1421405 0.1462318 0.1503835 0.1558109 0.1645132 0.1769858 0.1934145 0.2085398 0.2209226 0.2211445 0.2196711 0.2232283 0.2314067 0.2370517 0.2362098 0.2361051 0.2374799 0.23621 0.2336631 0.2320484 0.2285422 0.2306234 0.2296023 0.2319728 0.231185 0.2299162 0.2331891 0.2366763 0.2371055 0.2333027 0.2267383
-9999 -9999 -9999 0.198714 0.1826253 0.1693983 0.1574227 0.1469993 0.1371032 0.1275476 0.1207449 0.1162917 0.1138909 0.1125901 0.1083528 0.1028085 0.09530477 0.08183351 0.07272745 0.06405666 0.05459989 0.04840703 0.04703571 0.05173973 0.05539849 0.05769831 0.06173992 0.07042132 0.08033725 0.0878319 0.09448339 0.09982345 0.1086039 0.1186422 0.1261775 0.1332121 0.1402497 0.1424897 0.145575 0.1500975 0.1540551 0.1614703 0.1737428 0.1895499 0.20401 0.2102491 0.2127905 0.2145579 0.2207771 0.2294833 0.2366602 0.2345114 0.2390589 0.2411408 0.2384654 0.2363943 0.2347552 0.2302163 0.2321054 0.2345509 0.2385103 0.2368497 0.235095 0.2360033 0.2383389 0.2387743 0.2375947 0.2329928
-9999 -9999 -9999 0.2056137 0.1889563 0.1743487 0.1609916 0.1494672 0.1388628 0.131399 0.1277712 0.124693 0.1187798 0.1142444 0.11071 0.1054575 0.09652424 0.08363986 0.07410855 0.06610546 0.05398909 0.04758766 0.0453003 0.04839117 0.05291072 0.05637705 0.06025334 0.06606442 0.07590348 0.08714833 0.09363087 0.1021652 0.1119231 0.1202053 0.1284603 0.1351601 0.1409687 0.1444064 0.1476533 0.1501974 0.1522069 0.159931 0.1705724 0.1826675 0.1947501 0.198333 0.2042797 0.2080502 0.2180968 0.228763 0.2367775 0.2383062 0.2433092 0.2466341 0.244599 0.2409284 0.237537 0.2335509 0.2348383 0.2409826 0.2448332 0.2430363 0.2408585 0.2388343 0.2382837 0.2419264 0.2412945 0.2405684
-9999 -9999 -9999 0.2092121 0.1919449 0.1768324 0.1639695 0.1521199 0.1417061 0.1370511 0.1333437 0.1284753 0.1210477 0.1150393 0.1114781 0.1066155 0.09782235 0.08452917 0.07541601 0.06571469 0.05424633 0.04660245 0.04486948 0.04626063 0.05053927 0.05326468 0.05755717 0.06278227 0.07059611 0.08083773 0.09151312 0.10046 0.1090478 0.1190057 0.1291835 0.1368907 0.1415731 0.1454965 0.1464073 0.1481929 0.1495557 0.1554251 0.1645486 0.174782 0.1822956 0.1886489 0.1958607 0.2012956 0.211154 0.2230566 0.2339105 0.2410318 0.2484394 0.2494717 0.2499631 0.2459146 0.2420786 0.2387583 0.2387759 0.2461209 0.2512675 0.2485767 0.2456585 0.2427835 0.2443021 0.246187 0.2467265 0.2501438
-9999 -9999 -9999 0.2077809 0.1918041 0.1776696 0.1645547 0.152639 0.1456439 0.1416226 0.1380889 0.1318602 0.1241341 0.1162596 0.1120045 0.1081945 0.09904253 0.08653635 0.07521106 0.06431246 0.0555006 0.04713346 0.04478603 0.04375579 0.04658905 0.04995553 0.05488513 0.05910504 0.06561937 0.07283301 0.08629938 0.09819762 0.1052024 0.1151437 0.1249236 0.1333432 0.1384173 0.1414768 0.1417881 0.1428327 0.1444863 0.1480592 0.1569057 0.1635487 0.1702878 0.1825387 0.189091 0.1942593 0.2004282 0.2155369 0.2313063 0.2389164 0.2490301 0.253027 0.2528134 0.2489329 0.2456227 0.2405925 0.2399958 0.2480112 0.2558535 0.2539677 0.2507696 0.2493861 0.2506143 0.2515168 0.2532933 0.2562986
-9999 -9999 0.2280011 0.2093063 0.1918889 0.1769795 0.1640785 0.1535957 0.1484927 0.1451385 0.1413383 0.1338002 0.1261767 0.1193075 0.1125279 0.1089617 0.09805174 0.08664442 0.07497721 0.06212723 0.0568062 0.0484972 0.04361209 0.04199477 0.04306662 0.04550111 0.0506233 0.05702681 0.06054582 0.06751845 0.07931507 0.09161592 0.1010472 0.1088634 0.1179757 0.1267162 0.1315829 0.135244 0.1358127 0.1366401 0.1383702 0.1401397 0.1466367 0.1515456 0.1607664 0.1724525 0.1783693 0.1850899 0.1930086 0.2110318 0.2250696 0.2354532 0.2450723 0.2519515 0.2498476 0.2466851 0.2424529 0.2413619 0.2431518 0.2520975 0.2600964 0.2584727 0.2572092 0.2581808 0.2575854 0.2556793 0.2602595 0.2618141
-9999 -9999 0.2254898 0.2071572 0.1915594 0.1781871 0.1661179 0.158758 0.1540987 0.1499174 0.1431498 0.1356889 0.1285884 0.1212806 0.1138693 0.106209 0.0945527 0.08557426 0.07334656 0.06163658 0.05734122 0.05088771 0.04278047 0.0401006 0.03933793 0.04140858 0.04503603 0.05214679 0.05824028 0.06362697 0.07345011 0.08509821 0.09381168 0.09884133 0.107266 0.1166422 0.1204762 0.1222024 0.1235538 0.1253723 0.1283555 0.1292683 0.1334493 0.1395925 0.14717 0.1599642 0.1698858 0.1785708 0.189852 0.2052045 0.219781 0.2301498 0.2394764 0.246732 0.2501603 0.246611 0.2458232 0.2463676 0.2454207 0.252308 0.2594573 0.2621573 0.2680742 0.265141 0.2629422 0.2657471 0.2656884 0.2681696
-9999 -9999 0.2262129 0.2082008 0.1921555 0.1784471 0.1672937 0.1615828 0.1573965 0.1532331 0.1448969 0.136868 0.1295399 0.1226698 0.1136834 0.1017514 0.08899973 0.08186272 0.07060991 0.06246212 0.05668665 0.05056373 0.04393424 0.03885621 0.03623812 0.03835196 0.04098719 0.04661983 0.05178903 0.05959303 0.06996538 0.08138052 0.08888678 0.09297303 0.09552278 0.1023239 0.1054432 0.1092551 0.108294 0.1094502 0.112454 0.1145322 0.1198834 0.1290388 0.1375206 0.1491985 0.1638723 0.1755156 0.184504 0.1981511 0.2106055 0.2218172 0.2284589 0.2381509 0.2445813 0.2448874 0.2437361 0.2456446 0.2474423 0.2506478 0.2592583 0.2671083 0.270819 0.2735218 0.274085 0.2785708 0.278111 0.2722671
-9999 -9999 0.2254743 0.2084992 0.1932514 0.181297 0.1715101 0.1644124 0.1587411 0.1525234 0.1450476 0.1371934 0.1301061 0.1213511 0.111556 0.09799071 0.08231221 0.0756937 0.06765467 0.06379579 0.05642243 0.04992076 0.04479089 0.03939885 0.03524736 0.03604762 0.03813633 0.04277736 0.04571637 0.05260785 0.06198249 0.07462538 0.08531874 0.08664533 0.08922281 0.09074982 0.09233456 0.0961801 0.09731028 0.09615928 0.09843733 0.1010421 0.1051364 0.1156657 0.1292372 0.1424684 0.1553192 0.1661212 0.1744162 0.1862865 0.198852 0.2117938 0.2234854 0.2305697 0.2399068 0.2449363 0.2450953 0.2435796 0.2475478 0.250504 0.2589608 0.2688307 0.280061 0.2858402 -9999 -9999 -9999 -9999
-9999 -9999 0.2230344 0.2082099 0.1957366 0.1839415 0.1745015 0.1671135 0.1614807 0.1534027 0.144925 0.1373768 0.1276625 0.1178261 0.1084796 0.09541007 0.07754272 0.06982197 0.06643178 0.06109868 0.05655512 0.04995427 0.04362861 0.03810938 0.03564171 0.03513265 0.03605204 0.03980415 0.04241413 0.04790066 0.05617511 0.06648533 0.07644518 0.0802072 0.07872583 0.07807921 0.07721761 0.07891127 0.08059716 0.08240543 0.08286337 0.08580239 0.09316792 0.1039097 0.1166247 0.1290519 0.1424142 0.1541321 0.1635197 0.1760817 0.1918876 0.2038404 0.216607 0.227927 0.2374804 0.2459531 0.2456041 0.2410329 0.2447163 0.2537799 0.2643938 -9999 -9999 -9999 -9999 -9999 -9999 -9999
-9999 -9999 0.2226561 0.2084675 0.1966922 0.1848511 0.1760947 0.1699248 0.164015 0.1550346 0.1445767 0.1340042 0.1253492 0.1152857 0.1067541 0.09402277 0.07937595 0.07056694 0.06305469 0.05901321 0.05412178 0.04970169 0.04343508 0.03582872 0.03489042 0.03572065 0.0359732 0.03809445 0.04079952 0.04595899 0.0528184 0.0619116 0.0664518 0.06754168 0.067434 0.06687968 0.06658911 0.06519757 0.06501027 0.06803384 0.07272704 0.07879849 0.08659382 0.09390394 0.1043233 0.1183577 0.1331832 0.1486461 0.1611108 0.1722884 0.1854193 0.1984001 0.2100862 0.2221997 0.2329679 0.2401666 0.2459923 0.2456942 -9999 -9999 -9999 -9999 -9999 -9999 -9999 -9999 -9999 -9999
-9999 0.2392963 0.2229974 0.2112886 0.1977223 0.1864047 0.1770232 0.1707958 0.1634425 0.1539133 0.1439407 0.1343041 0.1245117 0.1157627 0.1068083 0.09387114 0.08247069 0.07274621 0.06332958 0.05672548 0.05109146 0.04621223 0.04036325 0.03377573 0.03423423 0.03608521 0.03634876 0.03924419 0.0416826 0.0457139 0.04946627 0.05622202 0.05812036 0.05837506 0.05599277 0.0569717 0.05888506 0.05903686 0.06056637 0.06296765 0.06717785 0.07259867 0.07898503 0.08665353 0.09704556 0.1088635 0.1226724 0.1394485 0.153071 0.1656739 0.1784488 0.1924176 0.2046629 0.214344 0.2263368 0.2394517 0.2462417 -9999 -9999 -9999 -9999 -9999 -9999 -9999 -9999 -9999 -9999 -9999
