SpatialData/RES_GREENPER/alper400_30mlg.asc
ncols         299
nrows         658
xllcorner     582840.57256934
yllcorner     4505984.7454546
cellsize      30
NODATA_value  -9999
[rows 510 to 539 of 658, columns 0 to 67 of 299]
-9999 -9999 -9999 -9999 -9999 -9999 -9999 -9999 -9999 -9999 -9999 -9999 -9999 -9999 -9999 -9999 -9999 -9999 -9999 -9999 -9999 0.09258661 0.09033246 0.08754198 0.08731216 0.08625411 0.08543665 0.08349366 0.0852346 0.08880154 0.09348306 0.09461379 0.09497314 0.09682716 0.09857342 0.1007122 0.1039424 0.107358 0.1111663 0.1150574 0.117548 0.118102 0.1187373 0.1174938 0.1182305 0.1186821 0.1179653 0.1174355 0.1179744 0.1194005 0.1185162 0.1174111 0.1153726 0.1129513 0.1100269 0.1066374 0.1032963 0.09864694 0.09603934 0.09059288 0.08626075 0.08165003 0.07726683 0.06978231 0.06332256 0.05894182 0.05477442 0.0518208
-9999 -9999 -9999 -9999 -9999 -9999 -9999 -9999 -9999 -9999 -9999 -9999 -9999 -9999 -9999 -9999 -9999 -9999 -9999 -9999 -9999 0.1008819 0.09843384 0.09612387 0.09631348 0.09459941 0.09154409 0.09000984 0.09079683 0.09536518 0.09612484 0.09816738 0.0997874 0.09883228 0.09946094 0.1035913 0.1096829 0.1126155 0.1151539 0.1176414 0.1196345 0.1214809 0.1212026 0.1217783 0.1213132 0.1198615 0.119792 0.1195027 0.1203658 0.1216458 0.1203999 0.1191557 0.1169107 0.1133297 0.1102163 0.1053599 0.1017383 0.09694798 0.09254872 0.08926754 0.08468284 0.08187457 0.07825799 0.06979243 0.06456521 0.05855159 0.05336377 0.05146048
-9999 -9999 -9999 -9999 -9999 -9999 -9999 -9999 -9999 -9999 -9999 -9999 -9999 -9999 -9999 -9999 -9999 -9999 -9999 -9999 -9999 0.1061439 0.1065414 0.1069982 0.1054363 0.1028707 0.09965587 0.09828299 0.09982076 0.1009995 0.1006202 0.1010462 0.1033542 0.1041536 0.1047698 0.1078508 0.1149766 0.1212044 0.1221557 0.1243075 0.1272624 0.1276345 0.1265261 0.127754 0.1257214 0.1238048 0.1262051 0.1251506 0.124647 0.1250284 0.126469 0.124834 0.120375 0.115806 0.1104475 0.1050222 0.1000847 0.09442453 0.09073745 0.08831492 0.08680658 0.08452614 0.07924596 0.07371491 0.06776746 0.06120283 0.05510252 0.05003217
-9999 -9999 -9999 -9999 -9999 -9999 -9999 -9999 -9999 -9999 -9999 -9999 -9999 -9999 -9999 -9999 -9999 -9999 -9999 -9999 0.1126997 0.1136287 0.1150903 0.1155208 0.1141499 0.113643 0.1107835 0.1116698 0.1113744 0.1084668 0.1082093 0.109059 0.1107887 0.110068 0.1116998 0.1143953 0.1187372 0.1226901 0.1265594 0.1283243 0.1321279 0.1323169 0.1326145 0.1319123 0.1328345 0.130947 0.1315325 0.1313546 0.1309929 0.130798 0.1309684 0.1294027 0.1268613 0.1217377 0.1150744 0.1100624 0.1033837 0.09771892 0.09110186 0.08910917 0.08853443 0.084409 0.08063471 0.07641164 0.06985679 0.06377468 0.05689601 0.05127026
-9999 -9999 -9999 -9999 -9999 -9999 -9999 -9999 -9999 -9999 -9999 -9999 -9999 -9999 -9999 -9999 -9999 -9999 -9999 -9999 -9999 0.1261095 0.123776 0.1223685 0.1227691 0.1232616 0.1217449 0.1242261 0.1220996 0.1193946 0.1194112 0.1199894 0.1212911 0.1196259 0.1185548 0.1199025 0.1236966 0.1274781 0.1302317 0.1353364 0.1370953 0.137797 0.1382214 0.1387085 0.1400158 0.1388016 0.1369455 0.1383234 0.1402726 0.1392694 0.1374965 0.1352325 0.1329549 0.1268665 0.1205557 0.1171231 0.1098714 0.1029543 0.09677308 0.0933058 0.09053671 0.08623166 0.08177051 0.07753634 0.07207374 0.06489599 0.05870873 0.05392487
-9999 -9999 -9999 -9999 -9999 -9999 -9999 -9999 -9999 -9999 -9999 -9999 -9999 -9999 -9999 -9999 -9999 -9999 -9999 -9999 -9999 -9999 -9999 -9999 0.132225 0.1292954 0.1313572 0.129852 0.1266397 0.1248681 0.1248724 0.1277555 0.1301894 0.129808 0.1293448 0.1309711 0.1320241 0.1325937 0.1345533 0.1394107 0.1412641 0.1430556 0.1449954 0.1465584 0.1473577 0.1463149 0.1460648 0.1470536 0.1503752 0.1485486 0.1456402 0.1417642 0.1376739 0.1337997 0.1283579 0.121176 0.1149219 0.1092835 0.1034526 0.09868237 0.09761819 0.09258066 0.08451086 0.08120428 0.07459456 0.06994114 0.0639668 0.05796263
-9999 -9999 -9999 -9999 -9999 -9999 -9999 -9999 -9999 -9999 -9999 -9999 -9999 -9999 -9999 -9999 -9999 -9999 -9999 -9999 -9999 -9999 -9999 -9999 0.1385991 0.137038 0.1375391 0.1368769 0.1350063 0.1335441 0.1338632 0.1355158 0.1375305 0.1397667 0.1412324 0.1422964 0.1413371 0.1391691 0.1422773 0.1450157 0.1466124 0.1484644 0.1522488 0.1543074 0.1561261 0.1563216 0.1566008 0.1583055 0.1573816 0.154739 0.1532378 0.1486356 0.1437694 0.1399013 0.1353463 0.1276591 0.1214753 0.1173017 0.1130966 0.108128 0.1031347 0.09922533 0.09201764 0.08513039 0.08024017 0.07390309 0.06863932 0.06249236
-9999 -9999 -9999 -9999 -9999 -9999 -9999 -9999 -9999 -9999 -9999 -9999 -9999 -9999 -9999 -9999 -9999 -9999 -9999 -9999 -9999 -9999 -9999 -9999 0.1464892 0.1473391 0.146008 0.1458375 0.1425536 0.1411282 0.1423792 0.1426948 0.1457289 0.1490254 0.1508594 0.152861 0.1508096 0.1473678 0.1501501 0.1526373 0.1540758 0.1567644 0.1595203 0.1617804 0.1644469 0.1660222 0.1656047 0.1647653 0.1654976 0.1610861 0.1589037 0.1528738 0.1487053 0.143754 0.1374921 0.1338196 0.1315313 0.128233 0.1216278 0.1138234 0.1083464 0.1041761 0.09553941 0.09068175 0.08771485 0.08038741 0.07506319 0.07058594
-9999 -9999 -9999 -9999 -9999 -9999 -9999 -9999 -9999 -9999 -9999 -9999 -9999 -9999 -9999 -9999 -9999 -9999 -9999 -9999 -9999 -9999 0.1620647 0.1579386 0.1531233 0.1551007 0.153305 0.1547908 0.1513842 0.149084 0.1499384 0.1513636 0.1533942 0.1556541 0.1604819 0.1637599 0.1618796 0.159151 0.159502 0.1580011 0.1600024 0.162879 0.1660235 0.1696634 0.1729335 0.1735917 0.1725692 0.1723019 0.1733134 0.1686558 0.1628533 0.1565371 0.1519463 0.1470314 0.1418384 0.1406347 0.1394881 0.1367544 0.1311505 0.1230108 0.1165001 0.1089398 0.104395 0.09736221 0.09208599 0.08680914 0.08226512 0.07594674
-9999 -9999 -9999 -9999 -9999 -9999 -9999 -9999 -9999 -9999 -9999 -9999 -9999 -9999 -9999 -9999 -9999 -9999 -9999 -9999 -9999 -9999 -9999 -9999 0.1612552 0.1632393 0.1618041 0.1606149 0.1583141 0.1567906 0.1575493 0.1585815 0.1620635 0.1681705 0.1704136 0.1736081 0.1726278 0.1695288 0.1671569 0.1649789 0.1662609 0.1693735 0.1728554 0.1762389 0.1776091 0.1786186 0.1762695 0.1758339 0.1787716 0.1744147 0.1697598 0.1646896 0.1594445 0.1532845 0.148824 0.1487213 0.1477449 0.1453172 0.1384052 0.1314862 0.123201 0.1164199 0.1124793 0.1070268 0.09922179 0.09409738 0.08927036 0.08423775
-9999 -9999 -9999 -9999 -9999 -9999 -9999 -9999 -9999 -9999 -9999 -9999 -9999 -9999 -9999 -9999 -9999 -9999 -9999 -9999 -9999 -9999 -9999 -9999 0.1701368 0.1714116 0.170748 0.1690253 0.1671207 0.1673203 0.1671953 0.1683499 0.1721728 0.1784552 0.1804652 0.1813415 0.1818178 0.1761989 0.1736019 0.1727338 0.1722794 0.1742815 0.1792899 0.179917 0.1834245 0.1839905 0.1808114 0.1805445 0.1823166 0.1823338 0.177981 0.1730656 0.1666186 0.1613526 0.1586033 0.1583661 0.1555339 0.1520921 0.1463887 0.1400425 0.1333766 0.1251843 0.1199062 0.113888 0.1068003 0.1010724 0.09800512 0.09851056
-9999 -9999 -9999 -9999 -9999 -9999 -9999 -9999 -9999 -9999 -9999 -9999 -9999 -9999 -9999 -9999 -9999 -9999 -9999 -9999 -9999 -9999 -9999 0.1798066 0.1776002 0.1778746 0.1764828 0.17433 0.1734919 0.1754848 0.1762464 0.1782422 0.1819243 0.1853067 0.1871468 0.1882704 0.1867882 0.1804374 0.1778252 0.1782506 0.1762535 0.1794239 0.1826774 0.1842868 0.1866683 0.1871918 0.1843353 0.1834882 0.1852148 0.1864081 0.1834458 0.1786179 0.1739815 0.1705627 0.1694674 0.1661094 0.1626729 0.157627 0.1532455 0.1473076 0.1406484 0.1336221 0.1265509 0.1208168 0.115989 0.1088582 0.1079238 0.107886
-9999 -9999 -9999 -9999 -9999 -9999 -9999 -9999 -9999 -9999 -9999 -9999 -9999 -9999 -9999 -9999 -9999 -9999 -9999 -9999 -9999 -9999 -9999 0.1847583 0.1834637 0.1836981 0.1819253 0.1801205 0.1802024 0.1826997 0.1856179 0.1875335 0.1891533 0.1917527 0.1945058 0.1931662 0.1920541 0.1858444 0.1821091 0.1816448 0.1804909 0.1827734 0.1850758 0.1892431 0.191045 0.1930683 0.1907392 0.1862336 0.1868687 0.1873128 0.185742 0.1815744 0.178065 0.176184 0.176497 0.174308 0.1689012 0.1644787 0.1610761 0.1536917 0.1455179 0.1394857 0.1329475 0.1283076 0.1224452 0.1188785 0.1178827 0.1166108
-9999 -9999 -9999 -9999 -9999 -9999 -9999 -9999 -9999 -9999 -9999 -9999 -9999 -9999 -9999 -9999 -9999 -9999 -9999 -9999 -9999 -9999 -9999 0.1906934 0.18952 0.1918048 0.1874457 0.1853212 0.186841 0.1884132 0.1938787 0.1956979 0.1975366 0.1993808 0.2018331 0.2012651 0.197297 0.1892374 0.1866712 0.1861991 0.1858349 0.1871885 0.1894889 0.1940144 0.1959384 0.1960217 0.1892098 0.1866491 0.186037 0.1879718 0.1901682 0.1853929 0.1845406 0.1827567 0.1809725 0.1781092 0.173778 0.1722676 0.1676719 0.1583992 0.1489602 0.1422089 0.1373481 0.1332341 0.1321006 0.1277366 0.1243106 0.1245964
-9999 -9999 -9999 -9999 -9999 -9999 -9999 -9999 -9999 -9999 -9999 -9999 -9999 -9999 -9999 -9999 -9999 -9999 -9999 -9999 -9999 -9999 -9999 0.1949795 0.1952688 0.1966108 0.193125 0.1917894 0.1927722 0.1956106 0.2007224 0.2015091 0.2015604 0.2035779 0.2071449 0.2053912 0.2007849 0.1927561 0.1907113 0.1916871 0.192627 0.1915518 0.1926762 0.1979051 0.2007971 0.196254 0.1910098 0.1902697 0.186737 0.1898755 0.1939872 0.1893321 0.1906206 0.1916308 0.1881444 0.1817408 0.1777405 0.1750131 0.1694437 0.1610146 0.1527658 0.145774 0.143638 0.1400187 0.1396902 0.1354449 0.1319231 0.1291358
-9999 -9999 -9999 -9999 -9999 -9999 -9999 -9999 -9999 -9999 -9999 -9999 -9999 -9999 -9999 -9999 -9999 -9999 -9999 -9999 -9999 -9999 -9999 0.2013577 0.2004573 0.2025322 0.1990091 0.1994259 0.1995684 0.2022036 0.2064016 0.2071518 0.2081908 0.2100949 0.2123808 0.2118331 0.2042537 0.1986449 0.1976319 0.1978275 0.1966017 0.195653 0.1968871 0.2035058 0.2037262 0.199178 0.1915561 0.1914358 0.1898991 0.191855 0.1941996 0.1928037 0.1933271 0.1946198 0.1935222 0.1873333 0.1818002 0.1749166 0.1682038 0.1625239 0.1553473 0.149729 0.1483282 0.1455099 0.1452506 0.1454496 0.1396701 0.1345976
-9999 -9999 -9999 -9999 -9999 -9999 -9999 -9999 -9999 -9999 -9999 -9999 -9999 -9999 -9999 -9999 -9999 -9999 -9999 -9999 -9999 -9999 -9999 0.2066861 0.2027532 0.2050707 0.2062132 0.2080651 0.2086382 0.2102908 0.212617 0.2127682 0.2144602 0.2164352 0.2171415 0.2168469 0.2112402 0.2031893 0.2029089 0.2029221 0.2023029 0.2009467 0.2033044 0.2086291 0.2076326 0.2003177 0.194247 0.1939564 0.1923497 0.1945619 0.1974849 0.1976708 0.1968618 0.1985286 0.193711 0.1902712 0.1837801 0.1769046 0.1681445 0.1635072 0.1586959 0.1565904 0.1547801 0.1490576 0.1484481 0.1467273 0.1441952 0.1395578
-9999 -9999 -9999 -9999 -9999 -9999 -9999 -9999 -9999 -9999 -9999 -9999 -9999 -9999 -9999 -9999 -9999 -9999 -9999 -9999 -9999 -9999 -9999 0.2112074 0.208055 0.2086716 0.2094665 0.2127573 0.2144528 0.2167954 0.2180255 0.2192215 0.2190945 0.2222785 0.2217576 0.2196095 0.2186255 0.2098591 0.207655 0.2097623 0.2079532 0.2058471 0.2092098 0.2115145 0.2087697 0.2046483 0.2001135 0.1997145 0.1972131 0.199104 0.1993656 0.1984361 0.1997394 0.1975206 0.1955829 0.1918329 0.1827688 0.1753424 0.1713408 0.1650869 0.1636136 0.1614116 0.1574557 0.1539093 0.1492764 0.1456914 0.1436716 0.1407195
-9999 -9999 -9999 -9999 -9999 -9999 -9999 -9999 -9999 -9999 -9999 -9999 -9999 -9999 -9999 -9999 -9999 -9999 -9999 -9999 -9999 -9999 -9999 0.2146579 0.2101364 0.2133505 0.2135491 0.2149829 0.2167496 0.2203412 0.2221784 0.2236559 0.2261282 0.2278163 0.2261085 0.2235436 0.2197596 0.2122934 0.2110614 0.2133898 0.2111226 0.2113276 0.2129318 0.2095545 0.2080315 0.2077058 0.2061604 0.2072698 0.2031847 0.2000923 0.1987639 0.1984675 0.1994957 0.1970143 0.1954368 0.1917849 0.1844679 0.1802603 0.1730817 0.1707604 0.1673558 0.164278 0.1593501 0.153813 0.1501364 0.1466466 0.14154 0.1404949
-9999 -9999 -9999 -9999 -9999 -9999 -9999 -9999 -9999 -9999 -9999 -9999 -9999 -9999 -9999 -9999 -9999 -9999 -9999 -9999 -9999 -9999 -9999 0.2173034 0.2128391 0.2164769 0.2174824 0.2201032 0.221681 0.2242218 0.2265543 0.2263538 0.2286251 0.2284406 0.2273244 0.2247749 0.2200239 0.2139279 0.2137942 0.2155415 0.2142656 0.2150814 0.2120056 0.2080105 0.2058388 0.2065379 0.2097239 0.2090379 0.2047221 0.2021316 0.2003966 0.1988896 0.2014316 0.2011208 0.1984369 0.1935564 0.1876649 0.1861432 0.1805161 0.1773538 0.1717681 0.1672854 0.1645958 0.1585105 0.1517204 0.1466118 0.143687 0.1433408
-9999 -9999 -9999 -9999 -9999 -9999 -9999 -9999 -9999 -9999 -9999 -9999 -9999 -9999 -9999 -9999 -9999 -9999 -9999 -9999 -9999 -9999 -9999 0.2230199 0.2201575 0.2215613 0.2222259 0.2247386 0.2283277 0.2303714 0.2295137 0.2273911 0.2267874 0.2259093 0.2266606 0.2251323 0.2206046 0.2135813 0.2162164 0.2172385 0.2197137 0.2196283 0.2141971 0.2098939 0.2094788 0.2090118 0.2105083 0.2092795 0.2070267 0.2069593 0.2074208 0.2058138 0.2067555 0.205214 0.2037375 0.1978159 0.1944134 0.1920502 0.191836 0.1851173 0.1795956 0.175675 0.1709365 0.1654618 0.1571036 0.1532154 0.1486114 0.1468171
-9999 -9999 -9999 -9999 -9999 -9999 -9999 -9999 -9999 -9999 -9999 -9999 -9999 -9999 -9999 -9999 -9999 -9999 -9999 -9999 -9999 -9999 -9999 0.2248227 0.2245973 0.2211206 0.2254866 0.225808 0.2278625 0.2281969 0.2308146 0.2306058 0.2279705 0.2254454 0.224417 0.2230057 0.2196658 0.2145748 0.2171122 0.2169515 0.2207001 0.2223274 0.2171268 0.2141542 0.2124671 0.2137515 0.213105 0.2104795 0.2108216 0.2139252 0.2140945 0.214109 0.2141822 0.2126173 0.2134398 0.2079557 0.2037404 0.2019981 0.1993736 0.1937547 0.1885403 0.1860283 0.1808779 0.1734411 0.1667817 0.1594974 0.1531861 0.1498046
-9999 -9999 -9999 -9999 -9999 -9999 -9999 -9999 -9999 -9999 -9999 -9999 -9999 -9999 -9999 -9999 -9999 -9999 -9999 -9999 -9999 -9999 -9999 0.2277212 0.2270993 0.2232619 0.2212049 0.2230986 0.2225421 0.2252257 0.2303019 0.2323176 0.2301299 0.224529 0.2220238 0.2208716 0.2171421 0.2134785 0.2164651 0.2169486 0.2156907 0.2203074 0.2175347 0.2179289 0.2196902 0.2155747 0.2132617 0.211685 0.2147694 0.2198654 0.2234777 0.2232614 0.221887 0.2218208 0.2212431 0.2160592 0.212757 0.2122282 0.208904 0.2031328 0.197614 0.196558 0.1906376 0.1839553 0.1771131 0.1698221 0.1617922 0.1555873
-9999 -9999 -9999 -9999 -9999 -9999 -9999 -9999 -9999 -9999 -9999 -9999 -9999 -9999 -9999 -9999 -9999 -9999 -9999 -9999 -9999 -9999 -9999 0.2278736 0.2258823 0.2196395 0.2176346 0.2186589 0.2202598 0.2237907 0.2269903 0.2298025 0.2290042 0.2272267 0.2223081 0.2191656 0.2159026 0.2105911 0.2137469 0.2139068 0.2127424 0.2159305 0.2167052 0.2192609 0.22045 0.2173775 0.2153552 0.2164203 0.2214375 0.2253384 0.2290682 0.2314988 0.2302234 0.2267477 0.2240419 0.2220569 0.2204612 0.2180315 0.2165377 0.2112838 0.2080866 0.2066297 0.2001905 0.1945077 0.1873665 0.1790041 0.1693186 0.1621629
-9999 -9999 -9999 -9999 -9999 -9999 -9999 -9999 -9999 -9999 -9999 -9999 -9999 -9999 -9999 -9999 -9999 -9999 -9999 -9999 -9999 -9999 -9999 0.2249421 0.2196652 0.2175412 0.2136243 0.2127643 0.2170334 0.2212496 0.2245874 0.225346 0.2249634 0.2247958 0.2224421 0.21959 0.2165764 0.2104183 0.2106046 0.2132401 0.2125666 0.2135774 0.2166213 0.2197819 0.2218571 0.219126 0.2193622 0.2212991 0.2244626 0.2259763 0.2299689 0.2328038 0.2297627 0.2269525 0.2267122 0.2266787 0.2239039 0.2212462 0.2203775 0.2187962 0.2172616 0.2142597 0.2097034 0.2052161 0.1958989 0.1863545 0.1771463 0.1675642
-9999 -9999 -9999 -9999 -9999 -9999 -9999 -9999 -9999 -9999 -9999 -9999 -9999 -9999 -9999 -9999 -9999 -9999 -9999 -9999 -9999 -9999 -9999 0.2180431 0.2155668 0.2139167 0.2104324 0.2107288 0.212673 0.218009 0.2232742 0.222472 0.2214092 0.222376 0.2203876 0.2178399 0.2141446 0.2101505 0.2107225 0.2087021 0.2084845 0.2114351 0.2179974 0.2206463 0.2205878 0.2215112 0.2219232 0.2232993 0.2252823 0.2286738 0.229044 0.2307718 0.2282095 0.2253805 0.2242817 0.2291691 0.2302599 0.2288284 0.2261952 0.2263719 0.2229713 0.2207121 0.2166933 0.2110198 0.2048618 0.1938918 0.1861146 0.1752654
-9999 -9999 -9999 -9999 -9999 -9999 -9999 -9999 -9999 -9999 -9999 -9999 -9999 -9999 -9999 -9999 -9999 -9999 -9999 -9999 -9999 -9999 -9999 0.2060668 0.2078644 0.2069795 0.2076957 0.2092019 0.2133816 0.2169957 0.2198773 0.2201137 0.2183532 0.2173702 0.2176808 0.2142266 0.2131485 0.2101365 0.206008 0.2039378 0.2067777 0.2099173 0.2152295 0.2207697 0.2226903 0.2258938 0.2282092 0.2266607 0.2295275 0.2315157 0.2295934 0.2271185 0.226086 0.2248825 0.2260509 0.2308188 0.235816 0.2332826 0.2310971 0.2285945 0.2249209 0.2204826 0.2162626 0.2107258 0.2052627 0.2012402 0.1943487 0.1826555
-9999 -9999 -9999 -9999 -9999 -9999 -9999 -9999 -9999 -9999 -9999 -9999 -9999 -9999 -9999 -9999 -9999 -9999 -9999 -9999 -9999 -9999 -9999 0.1951687 0.1975787 0.202226 0.2041001 0.2077617 0.2123739 0.2166764 0.2154883 0.2142346 0.213398 0.210771 0.2111812 0.2084178 0.2070778 0.2041938 0.1998991 0.20359 0.2057524 0.2073878 0.2121907 0.2161712 0.2215214 0.2255394 0.2283183 0.2289844 0.2286223 0.2322565 0.2301949 0.2285126 0.2269717 0.2280457 0.2300697 0.2329946 0.2363769 0.2345382 0.2323926 0.2290448 0.2232293 0.218709 0.215435 0.2076577 0.2039599 0.2007218 0.1955603 0.188154
-9999 -9999 -9999 -9999 -9999 -9999 -9999 -9999 -9999 -9999 -9999 -9999 -9999 -9999 -9999 -9999 -9999 -9999 -9999 -9999 -9999 -9999 0.1841071 0.1821516 0.1889875 0.1954385 0.1999392 0.2046708 0.2111952 0.2132953 0.2101031 0.2074652 0.2051934 0.2045179 0.2037982 0.2008721 0.1964405 0.1958824 0.1984779 0.2031067 0.2012729 0.2026395 0.2043907 0.2106987 0.2183154 0.2262078 0.2292046 0.2275195 0.2263117 0.2277224 0.228788 0.2292711 0.2297564 0.2297599 0.2323557 0.2322206 0.2312313 0.2320742 0.2301853 0.2270625 0.2213316 0.2168429 0.2128098 0.2073262 0.2018855 0.1985984 0.1922699 0.1881967
-9999 -9999 -9999 -9999 -9999 -9999 -9999 -9999 -9999 -9999 -9999 -9999 -9999 -9999 -9999 -9999 -9999 -9999 -9999 -9999 -9999 -9999 0.1680287 0.1712268 0.1779878 0.1836688 0.1935496 0.199863 0.2047969 0.2048441 0.2020615 0.1975933 0.1969062 0.1943953 0.1915799 0.1921759 0.1887295 0.1908135 0.1977526 0.1982216 0.1991409 0.2001088 0.2019471 0.2079255 0.2179668 0.2253329 0.2270728 0.2268531 0.2251222 0.2216629 0.2241388 0.2276002 0.2286818 0.229571 0.231589 0.2282782 0.2285217 0.2307266 0.2292677 0.2257522 0.2213009 0.2168652 0.2129835 0.2059703 0.1994616 0.1942793 0.1904752 0.1878523
