SpatialData/RES_GREENPER/alper400_30mlg.asc
ncols         299
nrows         658
xllcorner     582840.57256934
yllcorner     4505984.7454546
cellsize      30
NODATA_value  -9999
[rows 540 to 569 of 658, columns 0 to 67 of 299]
-9999 -9999 -9999 -9999 -9999 -9999 -9999 -9999 -9999 -9999 -9999 -9999 -9999 -9999 -9999 -9999 -9999 -9999 -9999 -9999 -9999 -9999 0.1545807 0.1598533 0.1686686 0.1755376 0.1859553 0.1917977 0.1954021 0.1938507 0.1906882 0.189028 0.1865539 0.1832896 0.1832622 0.1848899 0.1840425 0.1871472 0.1946527 0.1954163 0.1976129 0.1977496 0.1991609 0.2057653 0.2147286 0.223947 0.2275644 0.2266426 0.223217 0.2224117 0.2220142 0.2247001 0.2275136 0.230892 0.2282963 0.2270044 0.225987 0.2253879 0.2291478 0.2261255 0.2236629 0.2195807 0.2111087 0.2037733 0.1976408 0.1941085 0.1898999 0.1857046
-9999 -9999 -9999 -9999 -9999 -9999 -9999 -9999 -9999 -9999 -9999 -9999 -9999 -9999 -9999 -9999 -9999 -9999 -9999 -9999 -9999 -9999 0.1441339 0.1503272 0.1576176 0.1681634 0.1767548 0.1816363 0.1850932 0.1828075 0.1819199 0.1816854 0.1790547 0.1769043 0.1756264 0.178704 0.1782055 0.1832956 0.1892126 0.1901983 0.1917139 0.1930815 0.1961188 0.2047973 0.2138795 0.2214485 0.2277304 0.2271274 0.2233559 0.2235344 0.2236102 0.2257633 0.2291385 0.2281797 0.2256637 0.2227447 0.2214363 0.2257966 0.2278229 0.2263473 0.2256414 0.2201166 0.2112735 0.203649 0.1962731 0.193277 0.1913953 0.1870696
-9999 -9999 -9999 -9999 -9999 -9999 -9999 -9999 -9999 -9999 -9999 -9999 -9999 -9999 -9999 -9999 -9999 -9999 -9999 -9999 -9999 -9999 0.1348213 0.1422005 0.1499081 0.1588424 0.1672151 0.1726608 0.1760484 0.1746542 0.1731648 0.1741399 0.1723229 0.1696437 0.1687814 0.1732599 0.1721099 0.1778384 0.1838349 0.1852069 0.1882947 0.1893034 0.1940017 0.2038237 0.2130835 0.2204088 0.2252207 0.2221399 0.2174198 0.2224024 0.2272272 0.2288718 0.2312349 0.2285989 0.2247556 0.2217725 0.2250813 0.2241755 0.2239798 0.2258989 0.2248684 0.2197511 0.2128993 0.2055303 0.1973825 0.1951477 0.1908841 0.18629
-9999 -9999 -9999 -9999 -9999 -9999 -9999 -9999 -9999 -9999 -9999 -9999 -9999 -9999 -9999 -9999 -9999 -9999 -9999 -9999 -9999 -9999 0.1287602 0.1370567 0.144981 0.1515947 0.1565023 0.1620144 0.1647607 0.1663235 0.1656411 0.1652987 0.1652079 0.1650841 0.1679614 0.1678434 0.1692981 0.1750299 0.1794296 0.1799489 0.1835721 0.1847712 0.1920663 0.2009499 0.2111518 0.2182541 0.2225108 0.2185639 0.2160192 0.2238647 0.2306139 0.2334174 0.230312 0.2281496 0.2244702 0.2236957 0.2248017 0.2230426 0.2238074 0.2242988 0.2222674 0.2183453 0.2130313 0.2085182 0.2046402 0.2014155 0.1958559 0.1884439
-9999 -9999 -9999 -9999 -9999 -9999 -9999 -9999 -9999 -9999 -9999 -9999 -9999 -9999 -9999 -9999 -9999 -9999 -9999 -9999 -9999 -9999 0.1238595 0.1307414 0.1383608 0.1434491 0.1465265 0.1500392 0.1546529 0.1575423 0.1579817 0.1574661 0.1579242 0.1600482 0.1639554 0.1648087 0.1666518 0.1706278 0.1754389 0.1789201 0.1797701 0.1812501 0.1864808 0.1947021 0.2059765 0.2140768 0.2178179 0.2146658 0.2173599 0.2248535 0.229993 0.2354632 0.235562 0.2297028 0.2251984 0.2247808 0.2249598 0.2265478 0.2260619 0.2264291 0.2239581 0.2190019 0.2137949 0.2100458 0.2048071 0.2038941 0.1980714 0.1907732
-9999 -9999 -9999 -9999 -9999 -9999 -9999 -9999 -9999 -9999 -9999 -9999 -9999 -9999 -9999 -9999 -9999 -9999 -9999 -9999 -9999 -9999 0.1190202 0.1266911 0.1335898 0.1371822 0.1396483 0.1405467 0.1448089 0.148227 0.1510864 0.1516113 0.1523025 0.1570963 0.1615194 0.1631269 0.163241 0.1673778 0.1741886 0.1773706 0.1807206 0.1814167 0.1867731 0.1932803 0.2028106 0.2094128 0.2129999 0.2152548 0.2200069 0.2228133 0.2315271 0.2376655 0.2360872 0.2336667 0.2302147 0.2285532 0.2301478 0.2301465 0.229629 0.2271873 0.2246352 0.2180857 0.2147936 0.2084275 0.2038195 0.2002955 0.1940306 0.1892247
-9999 -9999 -9999 -9999 -9999 -9999 -9999 -9999 -9999 -9999 -9999 -9999 -9999 -9999 0.1146164 0.1193265 0.1166048 -9999 -9999 -9999 -9999 -9999 0.1130372 0.1208184 0.1274353 0.1314681 0.1332028 0.1346166 0.137374 0.1413564 0.1434175 0.1463937 0.1477279 0.152135 0.1576164 0.1610648 0.1620462 0.1673414 0.1722733 0.1769948 0.1793127 0.181549 0.1854829 0.1917787 0.199723 0.2056304 0.2118351 0.2186974 0.2213271 0.2246942 0.2343597 0.2384342 0.2367979 0.2362928 0.2344795 0.2355514 0.2344238 0.2305936 0.23309 0.2303471 0.2251532 0.2200854 0.2145091 0.2082402 0.203243 0.1971938 0.1911946 0.1855902
-9999 -9999 -9999 -9999 -9999 -9999 -9999 -9999 -9999 -9999 -9999 -9999 -9999 -9999 0.1062238 0.1134802 0.1125846 0.1114696 0.107862 0.1028866 0.09926598 0.1025755 0.1084118 0.1154066 0.1201341 0.1256853 0.127157 0.1282091 0.1320087 0.1347155 0.1391253 0.1442701 0.14651 0.1518406 0.156479 0.1596635 0.1617356 0.166292 0.1703768 0.1749605 0.1761695 0.1776438 0.1824776 0.1904683 0.1959393 0.2012435 0.2088037 0.2206311 0.2245634 0.2306655 0.2369081 0.2391092 0.2400563 0.2385172 0.2390077 0.2402348 0.237122 0.23486 0.2333813 0.2293289 0.2254551 0.219285 0.2126946 0.2049542 0.1984802 0.1944263 0.1901754 0.1884177
-9999 -9999 -9999 -9999 -9999 -9999 -9999 -9999 -9999 -9999 -9999 -9999 -9999 -9999 0.1001759 0.1079402 0.1117881 0.109247 0.1044577 0.1015289 0.09781136 0.09974504 0.1043897 0.1111342 0.1160398 0.1178994 0.1212038 0.1236981 0.1256455 0.1295684 0.1336032 0.1407049 0.1473436 0.1511115 0.1537927 0.1572253 0.1598315 0.1657099 0.1710461 0.1733511 0.1749233 0.1767793 0.1792397 0.1867715 0.1922091 0.1973608 0.2116946 0.2200073 0.2284599 0.2354174 0.2397729 0.2413521 0.2420628 0.2413221 0.2457066 0.2450424 0.2399709 0.2374858 0.2333028 0.2291352 0.2256602 0.2207392 0.2121311 0.1992029 0.1932521 0.1893231 0.1850828 0.1892256
-9999 -9999 -9999 -9999 -9999 -9999 -9999 -9999 -9999 -9999 -9999 -9999 -9999 -9999 0.09924569 0.1048211 0.1059067 0.1056863 0.1025636 0.09939577 0.09657419 0.0963147 0.09912294 0.1072719 0.1101974 0.1134981 0.1142769 0.1175582 0.1205839 0.1233833 0.1292549 0.1374961 0.1450223 0.1484313 0.1508418 0.154552 0.156791 0.1620398 0.1671198 0.1696856 0.1726268 0.1757044 0.1791493 0.1812968 0.1844619 0.1953332 0.209554 0.2199764 0.2291384 0.2368096 0.2409527 0.2455849 0.2469982 0.2471083 0.2457544 0.2434014 0.2409956 0.2351384 0.231292 0.2271622 0.2206326 0.219847 0.2115424 0.1990257 0.192389 0.1863783 0.1847757 0.1866083
-9999 -9999 -9999 -9999 -9999 -9999 -9999 -9999 -9999 -9999 -9999 -9999 -9999 0.09413373 0.09968787 0.1018953 0.100685 0.101125 0.09723704 0.09440181 0.09239991 0.09321263 0.09369399 0.1007917 0.1043184 0.1063623 0.1084719 0.1115721 0.1156572 0.1194161 0.1262384 0.1338404 0.1412791 0.1461093 0.1489217 0.1511894 0.1525843 0.1587555 0.162319 0.1660437 0.1695228 0.1724962 0.1757811 0.1769398 0.1810869 0.1950871 0.205986 0.2174455 0.2281453 0.2343456 0.2398193 0.2462323 0.2493991 0.2510147 0.2468162 0.2440022 0.2386434 0.2322696 0.2270016 0.2211178 0.2159133 0.2118655 0.2023127 0.1965985 0.1926497 0.1842695 0.1845663 0.1808345
-9999 -9999 -9999 -9999 -9999 -9999 -9999 -9999 -9999 -9999 -9999 -9999 -9999 0.09380472 0.09581472 0.09558214 0.09728197 0.09467908 0.09265768 0.09004971 0.08678463 0.08781603 0.09013815 0.09431206 0.09628105 0.09842477 0.1006783 0.1039038 0.1093579 0.1146556 0.1232589 0.130627 0.1358069 0.1412324 0.1428516 0.1457383 0.1454177 0.1527952 0.1571497 0.1610038 0.1644347 0.1692692 0.1708204 0.1710989 0.1782135 0.1878914 0.2004231 0.2139128 0.2206168 0.2283166 0.2388038 0.2445005 0.2496485 0.2520063 0.250149 0.2436567 0.2360211 0.2293536 0.2227381 0.2149036 0.2091863 0.2036239 0.1951844 0.1912066 0.1877258 0.1832935 0.1774233 0.1744172
-9999 -9999 -9999 -9999 -9999 -9999 -9999 -9999 -9999 -9999 -9999 -9999 -9999 0.09145045 0.09117333 0.08914495 0.0886809 0.09045953 0.08824565 0.08637947 0.08498614 0.08511748 0.08454532 0.08695652 0.08985122 0.09120343 0.09323256 0.09655184 0.1021052 0.1087791 0.1174223 0.1238696 0.1285982 0.1339003 0.1385493 0.1363872 0.1386756 0.1459036 0.1517268 0.1542571 0.1575674 0.1617491 0.1638134 0.1672943 0.1743411 0.1832779 0.1947252 0.2060196 0.2128571 0.2235613 0.2322928 0.2419471 0.2493404 0.2507693 0.2473834 0.2414097 0.2325805 0.2268516 0.2189094 0.2122892 0.2062341 0.1954685 0.1911382 0.1881254 0.1832865 0.1784895 0.1740812 0.1665288
-9999 -9999 -9999 -9999 -9999 -9999 -9999 -9999 -9999 -9999 -9999 -9999 -9999 0.08924916 0.08532698 0.08328071 0.08041387 0.08148353 0.08344697 0.08427192 0.08429998 0.08402059 0.08208621 0.08375968 0.08713917 0.08686467 0.08699813 0.09200717 0.09628082 0.1023511 0.1101978 0.1165121 0.1199745 0.127293 0.1310457 0.129893 0.1330546 0.1393909 0.144225 0.1481956 0.1512321 0.1542 0.1593909 0.1653051 0.1723728 0.1790152 0.1867536 0.1951912 0.2059128 0.213154 0.2219699 0.234425 0.243183 0.2455558 0.243311 0.2386753 0.2309212 0.222424 0.2152621 0.2078929 0.2001139 0.1915244 0.1890934 0.1821485 0.1754478 0.1704945 0.169248 0.1613857
-9999 -9999 -9999 -9999 -9999 -9999 -9999 -9999 -9999 -9999 -9999 -9999 -9999 0.088824 0.08307788 0.07851362 0.07615808 0.07466716 0.07693056 0.07945964 0.08231665 0.08149907 0.0813335 0.07977165 0.08081023 0.08220909 0.08218457 0.08645321 0.0921545 0.09815026 0.1029506 0.1083528 0.1120353 0.118378 0.1227665 0.1227383 0.1255394 0.1327746 0.1370329 0.1425993 0.1483806 0.1534017 0.1585669 0.1648613 0.170007 0.17496 0.1809187 0.1897326 0.1952892 0.2020233 0.2156491 0.225322 0.2342522 0.237798 0.2357091 0.2337913 0.2276555 0.2194942 0.2088989 0.1986943 0.1914912 0.1876058 0.1823299 0.1760758 0.1681375 0.1631388 0.1621529 0.1565398
-9999 -9999 -9999 -9999 -9999 -9999 -9999 -9999 -9999 -9999 -9999 -9999 -9999 -9999 -9999 -9999 -9999 -9999 -9999 -9999 -9999 0.0779791 0.07792051 0.07583892 0.07559776 0.07506462 0.07587526 0.0794147 0.08592298 0.09246626 0.09800144 0.09995376 0.1062413 0.111338 0.1178215 0.117655 0.1193283 0.1267388 0.1349127 0.140865 0.1469602 0.1510911 0.1564276 0.1615889 0.1650397 0.171574 0.1787804 0.1844844 0.1879821 0.1950748 0.2077246 0.2165629 0.2225454 0.2249936 0.2255084 0.222344 0.2162525 0.2088287 0.1981581 0.1890654 0.1832548 0.178199 0.1720744 0.1654379 0.1608841 0.1561483 0.1539283 0.1504329
-9999 -9999 -9999 -9999 -9999 -9999 -9999 -9999 -9999 -9999 -9999 -9999 -9999 -9999 -9999 -9999 -9999 -9999 -9999 -9999 -9999 0.07315911 0.07132078 0.07050323 0.06929021 0.06952865 0.068583 0.07338025 0.08001965 0.08705268 0.09294675 0.09570505 0.1022893 0.1084806 0.1128856 0.1141254 0.1161248 0.1246613 0.1325725 0.1374476 0.1422919 0.1460944 0.152099 0.1568705 0.1599483 0.1655093 0.1711121 0.1772005 0.1797701 0.1904347 0.1982645 0.2060484 0.2126616 0.2110403 0.2095891 0.2069787 0.2029513 0.1934953 0.1852731 0.177176 0.1706818 0.1661847 0.1614831 0.1551906 0.1500847 0.1497664 0.1495999 0.1501137
-9999 -9999 -9999 -9999 -9999 -9999 -9999 -9999 -9999 -9999 -9999 -9999 -9999 -9999 -9999 -9999 -9999 -9999 -9999 -9999 -9999 0.07066236 0.06905371 0.06733781 0.06622037 0.06618834 0.06743459 0.07249746 0.07817093 0.08278085 0.08852217 0.09541134 0.1043496 0.1117164 0.1154685 0.1166596 0.1199637 0.1263652 0.1295417 0.1332015 0.1385137 0.1406077 0.1452633 0.1495625 0.1534204 0.1588898 0.1639228 0.1698187 0.1752365 0.1824175 0.1895109 0.1937923 0.1981402 0.1984018 0.1977805 0.1916501 0.1845281 0.1757063 0.169037 0.1618806 0.1578387 0.1567946 0.1512279 0.1465914 0.1445794 0.1451029 0.1453888 0.1484049
-9999 -9999 -9999 -9999 -9999 -9999 -9999 -9999 -9999 -9999 -9999 -9999 -9999 -9999 -9999 -9999 -9999 -9999 -9999 -9999 -9999 0.07096326 0.06863441 0.06680544 0.06485717 0.0646148 0.06543626 0.07077999 0.07604735 0.08115479 0.08811158 0.09582697 0.1037436 0.1110787 0.1164273 0.117878 0.1224572 0.1279957 0.1312938 0.1347604 0.1368199 0.1370422 0.1389257 0.1423676 0.145784 0.1502938 0.1551037 0.1634034 0.1707477 0.1780061 0.183405 0.1837784 0.1867814 0.1866894 0.1845336 0.1779944 0.1682508 0.1621049 0.157551 0.1498921 0.1466123 0.1456693 0.1441795 0.1425623 0.1403268 0.1411537 0.1424963 0.1445178
-9999 -9999 -9999 -9999 -9999 -9999 -9999 -9999 -9999 -9999 -9999 -9999 -9999 -9999 -9999 -9999 -9999 -9999 -9999 -9999 -9999 0.07244283 0.06921604 0.06648503 0.06536294 0.06504488 0.06493228 0.07049292 0.07595429 0.08103047 0.08762126 0.09432161 0.1015786 0.1089959 0.1141545 0.1154999 0.1169986 0.1230439 0.12785 0.1308141 0.1338028 0.1354479 0.1382393 0.1396701 0.1405936 0.1450477 0.1507269 0.1572508 0.1645996 0.1722986 0.1781338 0.1812637 0.1800182 0.1749425 0.1713455 0.1627201 0.1566066 0.15135 0.1458983 0.1406121 0.1398722 0.1411983 0.1386723 0.1380206 0.1377597 0.138364 0.139029 0.1389051
-9999 -9999 -9999 -9999 -9999 -9999 -9999 -9999 -9999 -9999 -9999 -9999 -9999 -9999 -9999 -9999 -9999 -9999 -9999 -9999 -9999 0.07545297 0.07178001 0.07003788 0.06869958 0.06657855 0.06716689 0.07131965 0.07599123 0.08146392 0.08716882 0.09209785 0.09902734 0.1042028 0.1096519 0.1082236 0.1108802 0.1144519 0.1194033 0.1242015 0.1266878 0.1297838 0.1333991 0.1361246 0.1368649 0.1415667 0.1456625 0.1520766 0.1582061 0.16637 0.1733627 0.1769617 0.1758158 0.1696176 0.1608302 0.152995 0.1478582 0.1429515 0.138085 0.1340546 0.1348229 0.1359289 0.134202 0.1341431 0.1324023 0.133334 0.1345427 0.1371783
-9999 -9999 -9999 -9999 -9999 -9999 -9999 -9999 -9999 -9999 -9999 -9999 -9999 -9999 -9999 -9999 -9999 -9999 -9999 -9999 -9999 0.07674056 0.07476014 0.07279748 0.07109632 0.07000054 0.06776392 0.07128257 0.07732256 0.08405599 0.08469784 0.09047052 0.09588412 0.1022813 0.1049128 0.1026246 0.1061117 0.1095558 0.1138657 0.1161793 0.1197376 0.122528 0.1265961 0.1307355 0.131892 0.138021 0.1421776 0.1481812 0.1528053 0.1594894 0.1652684 0.1693806 0.1691062 0.1637024 0.1535555 0.1464968 0.1393716 0.1356244 0.1323221 0.1296763 0.1297015 0.1279887 0.1277583 0.1281081 0.1267553 0.1281876 0.1316573 0.1347222
-9999 -9999 -9999 -9999 -9999 -9999 -9999 -9999 -9999 -9999 -9999 -9999 -9999 -9999 -9999 -9999 -9999 -9999 -9999 -9999 -9999 0.07939359 0.07729264 0.07478223 0.07329974 0.07172716 0.07066408 0.07346019 0.07762263 0.08284426 0.08327241 0.08995384 0.09509551 0.09790704 0.1001892 0.09709074 0.1006893 0.1045033 0.1086421 0.110537 0.1145719 0.1166226 0.1198049 0.1249693 0.1263148 0.1313315 0.1369692 0.1421985 0.1447595 0.1484074 0.1536197 0.1594658 0.1598477 0.1557228 0.1473412 0.1405782 0.1372018 0.1330974 0.1298163 0.1279864 0.1265518 0.1246329 0.124155 0.124111 0.1259924 0.1258588 0.1309159 0.1331314
-9999 -9999 -9999 -9999 -9999 -9999 -9999 -9999 -9999 -9999 -9999 -9999 -9999 -9999 -9999 -9999 -9999 -9999 -9999 -9999 -9999 0.08467589 0.08202184 0.07998728 0.07803293 0.0746614 0.07384127 0.07404729 0.07800455 0.0810779 0.08329357 0.08723722 0.09218345 0.09375685 0.09601545 0.09454533 0.09710132 0.09973332 0.1045333 0.1077026 0.110441 0.1124396 0.1150694 0.1197427 0.1223101 0.1241265 0.1283248 0.1328086 0.1360486 0.1395286 0.1432053 0.1482079 0.1506466 0.1457021 0.1402724 0.1367249 0.1363424 0.1317638 0.1279157 0.1269114 0.1247135 0.1227941 0.1241516 0.123105 0.1238682 0.1250763 0.1283077 0.1304951
-9999 -9999 -9999 -9999 -9999 -9999 -9999 -9999 -9999 -9999 -9999 -9999 -9999 -9999 -9999 -9999 -9999 -9999 -9999 -9999 -9999 0.08616541 0.08510768 0.08308364 0.08005424 0.07800537 0.07620741 0.07443707 0.07885833 0.08108617 0.08319498 0.08741021 0.08971377 0.09238546 0.09177909 0.09068245 0.09457262 0.09685423 0.1005647 0.1044512 0.107126 0.1095179 0.1119727 0.1164218 0.1194367 0.1188575 0.1209569 0.1248479 0.129329 0.1302858 0.1326213 0.1359851 0.1389092 0.1364 0.13055 0.1326573 0.1336972 0.1319184 0.1265196 0.1236286 0.1233302 0.1221473 0.1222187 0.1212772 0.1218286 0.1234236 0.1275743 0.127087
-9999 -9999 -9999 -9999 -9999 -9999 -9999 -9999 -9999 -9999 -9999 -9999 -9999 -9999 -9999 -9999 -9999 -9999 -9999 -9999 -9999 0.08952197 0.08779669 0.08535834 0.08116188 0.08043696 0.07794376 0.07582963 0.07912466 0.08043617 0.08279032 0.08715477 0.08974857 0.09251617 0.09218968 0.09199134 0.09264374 0.09483311 0.09891771 0.1022905 0.1026023 0.1041015 0.1065152 0.1105756 0.1150113 0.1156009 0.1169379 0.1177561 0.1210165 0.1232911 0.123407 0.124784 0.1254229 0.126526 0.1253179 0.1217631 0.1248023 0.1245244 0.1216206 0.1209364 0.1199581 0.1199653 0.1199332 0.1195767 0.1201863 0.1227194 0.1257563 0.1259343
-9999 -9999 -9999 -9999 -9999 -9999 -9999 -9999 -9999 -9999 -9999 -9999 -9999 -9999 -9999 -9999 -9999 -9999 -9999 -9999 0.09539838 0.0921791 0.08928445 0.08621248 0.08315289 0.08160855 0.07788407 0.07540572 0.07858723 0.08084071 0.0831342 0.08665447 0.09125041 0.09287943 0.09077586 0.09090024 0.09161006 0.09383532 0.09540561 0.09860428 0.1001796 0.1012621 0.1019768 0.103198 0.1074903 0.1102927 0.1118839 0.1137049 0.1130993 0.1155972 0.1141247 0.1136823 0.1133811 0.1131907 0.1122455 0.1140975 0.1153914 0.1136416 0.1146311 0.1162838 0.1175773 0.1203726 0.1201044 0.1192669 0.1198957 0.1233398 0.1225531 0.1242605
-9999 -9999 -9999 -9999 -9999 -9999 -9999 -9999 -9999 -9999 -9999 -9999 -9999 -9999 -9999 -9999 -9999 -9999 -9999 -9999 0.09754934 0.09380338 0.09135866 0.08701272 0.08536261 0.08284197 0.07874345 0.07707661 0.08002178 0.08270216 0.08423414 0.08841019 0.09035332 0.09186262 0.08931804 0.08924046 0.09103168 0.09311968 0.09325186 0.09576587 0.09653869 0.09681255 0.09762756 0.09731098 0.1002237 0.1031108 0.1048377 0.1066223 0.1046736 0.1054909 0.1041718 0.1033674 0.09996271 0.0991669 0.09967309 0.1045066 0.1044342 0.1049395 0.1089216 0.1106506 0.114408 0.115773 0.1146633 0.1137998 0.1151042 0.1152751 0.1170819 0.1197659
-9999 -9999 -9999 -9999 -9999 -9999 -9999 -9999 -9999 -9999 -9999 -9999 -9999 -9999 -9999 -9999 -9999 -9999 -9999 -9999 0.09696434 0.09379538 0.09132773 0.0871463 0.08629406 0.08369765 0.07985011 0.08098192 0.08361176 0.08450232 0.0857028 0.08758074 0.08874442 0.089793 0.08716797 0.08851485 0.09069496 0.09201878 0.09295148 0.09411767 0.09407181 0.09303765 0.09397994 0.09439671 0.09448574 0.09556065 0.09588933 0.09745443 0.09748886 0.09552888 0.09369748 0.09222361 0.09136204 0.09101234 0.09117882 0.09368914 0.09609737 0.09665889 0.09927506 0.1025918 0.1055488 0.1065336 0.1077231 0.1071406 0.1067114 0.1084801 0.1103362 0.1174725
-9999 -9999 -9999 -9999 -9999 -9999 -9999 -9999 -9999 -9999 -9999 -9999 -9999 -9999 -9999 -9999 -9999 -9999 -9999 -9999 0.09529427 0.09191564 0.08987642 0.08579236 0.08618208 0.08413512 0.08232665 0.08465214 0.08676904 0.08838136 0.08759157 0.08737031 0.08798812 0.08770402 0.0855412 0.0882609 0.09063401 0.09174664 0.09163897 0.09121903 0.09009226 0.08901962 0.08806024 0.08874887 0.0894473 0.08860675 0.08924927 0.08968268 0.08841315 0.08691943 0.08485847 0.08136214 0.0820343 0.08377432 0.08470672 0.08856928 0.08783019 0.08829377 0.09112968 0.09283295 0.09507301 0.09559029 0.09632015 0.09704844 0.0980485 0.09813641 0.101753 0.1100651
