SpatialData/RES_GREENPER/resdens_kern400_sqkm_matchextent.asc
ncols         299
nrows         658
xllcorner     582840.57256934
yllcorner     4505984.7454546
cellsize      30
NODATA_value  -9999
[rows 372 to 402 of 658, columns 70 to 139 of 299]
-9999 -9999 -9999 -9999 -9999 -9999 -9999 8141.75 10556.01 13211.27 16095.21 19083.59 22091.21 25074.88 27937.71 30581.98 32930.15 34940.65 36733.89 38348.75 39691.05 40775.08 41582.81 42133.09 42448.83 42562.18 42543.02 42506.83 42435.6 42209.29 41874.42 41554.79 41320.07 41065.29 40867.96 40773.3 40802.86 40795.37 40711.86 40522.48 40141.73 39529.88 38694.55 37581.43 36053.12 34140.9 31940.68 29498.24 26805.88 23930.66 20942.38 17920.15 14961.98 12127.96 9474.926 7102.27 5073.542 3440.558 2184.049 1285.995 717.4744 339.0087 122.2785 27.10993 1.953649 0 0 0 0 0
-9999 -9999 -9999 -9999 -9999 -9999 6675.128 8833.932 11227.63 13890.25 16764.61 19700.31 22630.97 25488.17 28178.85 30645.49 32821.66 34683.53 36388.25 37918.3 39196.05 40247.29 41052.74 41614.39 41957.84 42185.52 42307.42 42409.59 42438.31 42285.6 42029.73 41774.13 41556.4 41333.29 41172.26 41076.26 41066.8 40988.79 40801.27 40527.89 40040.74 39291.1 38288.66 37024.92 35379.64 33385.1 31155.11 28672.36 25948.52 23063.67 20088.03 17088.92 14167.1 11381.89 8801.659 6506.54 4566.311 3018.126 1849.482 1039.497 555.9453 245.8772 81.56989 14.13432 0.3174358 0 0 0 0 0
-9999 -9999 -9999 -9999 -9999 -9999 7419.845 9618.742 12048.83 14716.56 17539.45 20409.52 23220.8 25903.48 28368.46 30548.24 32425.66 34117 35769.85 37231.6 38424.98 39426.25 40219.15 40803.35 41227.26 41546.09 41805.22 42026.51 42149.72 42107.3 41972.54 41826.86 41612.28 41404.26 41256.53 41202.55 41157.43 41002.36 40705.13 40274.16 39660.54 38805.2 37672.88 36263.75 34469.55 32380.73 30104.01 27592.82 24854.82 21972.82 19013.56 16065.63 13215.22 10511.55 8021.729 5837.09 4018.923 2578.633 1516.255 807.3405 409.6628 168.1709 49.29821 4.514431 0 0 0 0 0 2.744971
-9999 -9999 -9999 -9999 -9999 6280.511 8307.708 10541.98 13003.79 15671.85 18404.17 21149.4 23795.48 26265.56 28485.54 30385.54 31976.32 33425.91 34888.19 36257.84 37386.18 38333.39 39101.07 39703.91 40207.6 40622.59 41009.49 41376.77 41582.48 41653.42 41661.13 41617.32 41449.88 41263.1 41141.51 41086.38 40995.34 40758.99 40337.86 39781.16 39029.49 38056.4 36817.46 35283.99 33392.99 31211.28 28863.92 26315.46 23586.77 20726.55 17802.9 14915.52 12150.04 9544.141 7167.902 5125.471 3451.268 2140.532 1197.263 601.3313 286.2209 104.6765 23.54804 0.1706038 0 0 0 0 0.000222993 17.93087
-9999 -9999 -9999 -9999 -9999 7234.924 9332.963 11592.47 14056.08 16675.33 19304.62 21893.71 24330.01 26557.17 28525.82 30153.93 31542.59 32783.15 33979.3 35092.6 36067.49 36940.09 37694.28 38319.73 38869.57 39363.88 39862.5 40364.04 40690.14 40913.96 41103.55 41137.09 41021.66 40868.97 40782.71 40688.8 40503.52 40180.44 39660.88 38996.7 38123.65 37043.22 35709.6 34081.21 32123.07 29876.46 27491.34 24912.57 22179.3 19349.37 16486.88 13682.04 11007.4 8514.662 6281.904 4401.622 2882.59 1720.114 907.0095 428.4176 182.6072 54.36007 6.137348 0 0 0 0 0 3.135216 54.10858
-9999 -9999 -9999 -9999 6318.702 8269.94 10434.23 12721.48 15157.07 17664.81 20127.89 22563.98 24864.79 26909.8 28645.49 30045.68 31205.87 32211.44 33137.57 33991.41 34707.54 35363.31 36005.16 36607.64 37206.14 37790.41 38395.69 38995.76 39479.42 39898.57 40216.98 40305.86 40225.99 40124.82 40064.57 39939.82 39673.81 39284.91 38699.37 37922.95 36951.89 35771.63 34362.93 32662.01 30657.3 28383.05 25965.65 23377.48 20655.56 17865.77 15085.96 12387.23 9821.342 7454.494 5392.881 3686 2331.591 1325.429 649.2587 284.5022 100.8781 20.36995 0.2875119 0 0 0 0 0.03050476 21.69269 117.5508
-9999 -9999 -9999 5492.168 7350.281 9416.191 11634.16 13932.78 16310.5 18713.99 21052.33 23335.03 25441.83 27245.86 28733.58 29932.76 30863.72 31606.64 32255.76 32823.51 33284.81 33698.18 34184.65 34714.99 35252.14 35887.74 36616.94 37315.89 37953.18 38522.06 38923.88 39080.36 39077.88 39042.96 39003.84 38855.37 38538.22 38095.13 37464.13 36609.55 35543.05 34258.63 32760.85 31038.29 29019.05 26743.62 24300.59 21712.82 19019.4 16295.76 13613.74 11035.6 8602.673 6395.711 4514.071 2988.057 1809.249 966.442 436.4281 169.3202 43.03077 3.976594 0 0 0 0 0 4.305771 62.90424 212.2288
-9999 -9999 -9999 6474.183 8447.522 10607.16 12885.19 15164.73 17463.54 19839.95 22111.44 24191.4 26058.32 27581.1 28793.59 29730.81 30420.61 30896.9 31276.47 31552.02 31755.87 31968.52 32258.54 32692.23 33181.69 33794.52 34533.38 35332.59 36102.8 36805.79 37266.55 37509.28 37615.99 37685.8 37716.56 37549.79 37199.13 36698.04 36014.17 35087.59 33955.63 32589.88 31005.71 29236.38 27204.35 24937.4 22511.07 19960.54 17310.4 14670.35 12100.99 9655.963 7376.571 5359.317 3673.209 2333.279 1337.345 662.7657 270.7896 84.45029 12.31479 0.2847802 0 0 0 0 0.01756835 25.29862 130.094 337.4706
-9999 -9999 -9999 -9999 9595.13 11823.14 14121.07 16410.04 18730.64 21023.18 23190.5 25100.55 26719.73 27955.67 28863.83 29505.97 29910.93 30100.83 30214.78 30236.55 30164.34 30159.9 30274.77 30551.76 31003.1 31592.65 32271.33 33060.5 33940.55 34717.45 35270.61 35644.06 35908.74 36122.16 36224.47 36072.21 35717.02 35171.89 34410.84 33413.64 32194.11 30755.06 29138.62 27332.06 25270.52 23013.17 20622.29 18140.28 15574.73 13035.92 10594.66 8293.151 6192.078 4381.782 2899.044 1746.896 937.8934 425.1786 157.9792 33.17099 1.756218 0 0 0 0 0 6.089907 68.06052 223.7841 492.031
-9999 -9999 -9999 8581.413 10733.84 12986.51 15294.32 17649.65 20014.4 22272.35 24309.79 26033.03 27400.9 28365.54 28942.84 29268.28 29389.46 29292.62 29109.52 28878.96 28573.19 28348.52 28267.38 28387.89 28789.74 29311.46 29897.98 30630.37 31518.53 32334.19 33012.39 33573.82 34056.21 34454.16 34602.13 34466.74 34106.56 33543.5 32713.26 31635.78 30315.33 28811.18 27183.71 25365 23289.02 21046.58 18714.11 16294.71 13832.92 11425.56 9127.931 6984.576 5087.621 3492.829 2213.311 1259.898 624.4987 260.3069 84.24358 7.937084 0 0 0 0 0 0.09282064 28.54502 133.7433 343.3893 681.371
-9999 -9999 7471.175 9580.857 11799.85 14069.66 16438.09 18874.32 21245.81 23465.83 25412.26 26964.85 28094.94 28790.96 29097.96 29094.11 28895.84 28528.91 28054.07 27559.44 27020.67 26570.29 26302.74 26293.47 26581.75 26990.7 27483.41 28135.18 28925.32 29814.87 30675.7 31479.95 32205.92 32748.46 32964.12 32872.96 32532.05 31905.87 30977.34 29819.12 28443.07 26917.62 25254.98 23377.21 21304.27 19092.08 16827.83 14492.27 12137.31 9872.226 7736.617 5785.157 4103.71 2718.246 1647.132 875.4994 401.2851 156.9676 35.69661 0 0 0 0 0 0 6.11619 70.76044 223.8223 487.8764 901.5353
-9999 6370.058 8432.445 10614.26 12852.01 15136.22 17575 20040.46 22382.58 24525.99 26341.71 27746.83 28693.91 29200.46 29262.37 28966.17 28428.23 27752.06 26972.63 26202.32 25451.34 24789.08 24361.25 24236.34 24402.8 24696.6 25097.93 25693.73 26439.51 27377.31 28449.08 29495.12 30410.57 31059.48 31369.67 31369.5 31059.73 30356.12 29330.61 28091.27 26672.04 25135.76 23428.54 21479.39 19382.07 17199.71 15000.73 12782.31 10559.3 8431.938 6473.469 4739.13 3266.658 2085.753 1197.614 595.8575 255.7096 82.1087 8.034061 0 0 0 0 0 0.2533627 28.05087 133.4247 333.902 654.5834 1136.087
-9999 7266.828 9383.495 11612.7 13885.89 16227.63 18689.41 21134.1 23405.62 25421.41 27122 28396.66 29205.32 29570.29 29496.19 28995.23 28146.08 27129.17 26046.78 24963.14 23990.02 23153.58 22554.09 22268.28 22257.3 22495.47 22890.75 23464.47 24201.94 25188.79 26436.25 27693.46 28783.1 29534.32 29917.72 29964.84 29615.08 28888.36 27840.64 26558.28 25116.7 23528.39 21723.54 19742.18 17619.42 15448.03 13300.97 11201.97 9125.395 7152.147 5384.112 3855.637 2578.101 1573.119 859.0494 399.9001 147.3952 32.46386 0.3231075 0 0 0 0 0 7.756843 66.43137 211.9911 455.4142 831.6531 1368.158
6156.651 8194.495 10360.71 12621.95 14919.59 17324.7 19782.13 22151.44 24340.41 26224.28 27797.54 29001.35 29718.37 29963.41 29760.82 29114.78 28073.44 26776.13 25389.56 24008.11 22720.25 21659.49 20897.15 20468.49 20304.97 20497.46 20897.28 21509.25 22313.1 23388.03 24750.44 26147.14 27362.84 28227.61 28710.66 28751.93 28338.11 27562.28 26510.05 25242.51 23799.98 22131.28 20229.14 18170.16 16046.42 13892.85 11798.3 9798.315 7865.182 6056.159 4457.126 3112.634 2018.141 1180.853 603.9055 248.8294 72.31071 7.165888 0 0 0 0 0 1.043706 27.8942 116.828 299.9442 590.8856 1026.177 1617.708
7011.881 9139.795 11349.81 13613.23 15901.62 18312.2 20765.45 23112.82 25208.16 26983.41 28408.75 29502.68 30189.09 30341.07 30001.49 29221.08 28042.05 26550.2 24927.58 23304.68 21748.41 20447.44 19524.22 18897 18675.47 18832.56 19247.5 19914.49 20807.34 21990.33 23427.45 24916.02 26208.32 27180.75 27711.21 27750.23 27335.02 26528.08 25425.05 24147.58 22682.97 20937.03 18958.73 16823.57 14638.84 12508.51 10480.5 8574.247 6767.239 5119.986 3689.244 2511.235 1569.516 862.8215 400.1138 138.8974 26.01674 0.7049503 0 0 0 0 0 8.246153 56.88921 182.5606 412.3882 761.4545 1253.502 1896.545
7903.669 10130.72 12405.4 14672.76 16912.85 19273.72 21658.94 23925.07 25946.83 27637.24 28971.94 29918.98 30479.18 30569.26 30165.88 29272.71 27985.85 26373.09 24582.29 22789.66 21084.88 19606.38 18494.86 17713.18 17368.6 17500.15 17973.81 18711.63 19683.41 20961.44 22482.05 24000.03 25287.33 26294.2 26843.86 26908.72 26522.51 25731.39 24640.44 23337.48 21743.81 19875 17800.8 15633.53 13417.85 11291.44 9336.01 7508.835 5817.849 4318.431 3032.296 1990.644 1186.344 606.3105 244.5936 64.97432 6.697781 0 0 0 0 0 1.210678 22.06004 107.1583 280.2425 567.0538 981.8885 1529.194 2220.629
8912.893 11214.24 13526.11 15770.25 17958.04 20241.61 22517.83 24672.02 26554.09 28125.65 29348.75 30192.88 30599.78 30596.18 30143.9 29232.38 27886.36 26217.58 24340.74 22434.36 20661.07 19112.55 17858.82 16997.64 16620.16 16733.2 17207.88 17992.88 19052.63 20387.15 21901.76 23395.69 24632.31 25567.46 26128.99 26216.18 25846.96 25098.45 24034.76 22657.13 20944.57 18966.36 16790.8 14525.88 12286.18 10174.51 8275.404 6534.704 4965.427 3605.218 2458.202 1545.809 868.4592 400.2343 136.2008 26.36491 0.04363678 0 0 0 0 0 6.603026 58.40142 193.8082 429.6526 780.2722 1255.227 1857.039 2591.162
9946.234 12277.76 14601.66 16815.6 18933.97 21113.81 23276.43 25271.15 27000.43 28432.72 29514.49 30195.57 30481.27 30390.71 29917.17 29038.39 27745.57 26092.42 24197.97 22273.5 20434.88 18830.05 17581.88 16774.13 16444.35 16489.94 16899.04 17721.33 18831.27 20149.91 21643.17 23075.87 24217.23 25055.52 25572.42 25662.07 25316.61 24570.22 23471.69 22000.85 20200 18127.18 15883.06 13537.76 11244.97 9140.211 7276.559 5642.404 4203.338 2970.458 1950.948 1164.038 609.9771 251.3468 69.33068 5.066984 0 0 0 0 0 0.1823772 31.01481 133.052 330.9186 636.9877 1053.648 1587.343 2245.563 3018.043
10929.49 13236.92 15535.66 17730.58 19773.4 21822.54 23828.68 25650.13 27224 28504.91 29432.64 29956.68 30104.8 29952.29 29508.58 28653.36 27430.14 25848.33 24041.46 22194.11 20414.53 18820.08 17629.45 16923.42 16667.36 16689.03 17092.13 17901.06 18988.92 20245.24 21622.27 22959.83 24020.29 24758.58 25182.01 25220.51 24841.27 24066.35 22905.96 21346.63 19442.94 17293.72 14989.07 12608.29 10286.18 8165.631 6332.041 4818.15 3511.311 2407.686 1517.734 854.4568 411.2071 143.6375 26.4238 0.2477552 0 0 0 0 0 12.80376 89.49197 256.5822 529.4596 911.0676 1392.75 1984.223 2691.687 3505.054
11813.25 14042.83 16267.1 18418.85 20399.55 22326.01 24141.97 25772.22 27158.12 28272.94 29046.57 29445.17 29525.29 29311.61 28855.79 28090.94 26975.52 25581.25 23998.96 22325.89 20673.18 19184.98 18133.24 17547.19 17299.91 17321.04 17679.26 18399.75 19426.54 20591.68 21832.54 22992.47 23939.94 24575.85 24901.56 24859.1 24405.11 23560.74 22300.05 20636.45 18648.43 16429.13 14070.97 11682.34 9362.585 7241.871 5459.194 4065.54 2889.52 1912.744 1145.411 596.3777 258.2465 70.14756 4.669267 0 0 0 0 0 2.46824 55.4477 196.7973 437.0572 787.4648 1241.664 1791.823 2441.443 3192.797 4043.784
12546.71 14668.71 16782.24 18838.66 20740.71 22540.19 24203.67 25648.88 26839.26 27769.64 28382.24 28710.9 28759.29 28529.53 28069.19 27436.07 26530.72 25406.45 24116.89 22671.13 21190.75 19868.6 18963.89 18456.23 18232.26 18257.76 18559.11 19187.89 20082.05 21105.07 22199.92 23149.18 23899.66 24424.88 24651.35 24515.54 23981.32 23008.87 21616.46 19854.53 17795.39 15521.21 13142.26 10754.21 8447.222 6366.497 4666.834 3365.909 2321.839 1474.766 830.4788 397.2642 145.765 24.25043 0.1294862 0 0 0 0 0 26.72851 140.0928 350.3378 668.1094 1100.765 1631.23 2256.892 2967.691 3759.231 4647.759
13122.94 15095.87 17095.57 19045.27 20859.86 22494.41 23984.18 25266.65 26292.88 27062.28 27563.1 27848 27879.57 27663.28 27302.92 26827.12 26153.69 25294.42 24292.59 23160.05 21949.48 20844.83 20053.05 19539.98 19305.66 19343.64 19635.78 20185.28 20955.9 21822.25 22699.65 23423.86 23950.94 24264.99 24361.64 24146.36 23496.14 22376.46 20851.18 19002.34 16879.75 14573.91 12185.03 9828.254 7568.442 5558.699 3956.291 2740.798 1820.941 1104.657 578.5237 239.7748 67.01558 4.699344 0 0 0 0 0 5.404474 85.60434 265.043 551.2291 952.3571 1470.049 2080.695 2779.957 3552.971 4385.979 5309.366
13609.6 15428 17278.14 19100.29 20807.46 22281.41 23592.93 24716.48 25595.97 26252.72 26718.4 26992.86 27037.31 26918.79 26677.35 26337.29 25868.75 25263.84 24582.05 23763.54 22844.27 22006.36 21331.85 20807.04 20541.74 20544.1 20778.95 21254.02 21914.73 22643.43 23276.55 23734.81 24056.69 24168.26 24065.73 23648.88 22856.52 21632.26 20008.89 18070.81 15900.2 13576.64 11206.72 8896.937 6726.46 4816.233 3305.208 2192 1385.272 789.9922 371.4008 127.0243 24.76184 0.1119908 0 0 0 0 0.01732589 36.10139 179.022 430.5175 792.7039 1281.679 1881.124 2573.122 3340.754 4168.661 5055.267 6000.039
13980.22 15707.58 17364.34 19024.19 20612.02 21992.54 23139.58 24123.77 24876.54 25447.28 25877.11 26134.13 26263.12 26272.7 26163.38 25948.15 25610.88 25297.02 24941.4 24449.31 23847.65 23257.68 22664.66 22185.68 21925.17 21867.77 21995.99 22348.68 22901.82 23486.71 23882.26 24074.54 24118.88 24029.43 23717.35 23076.73 22094.75 20753.15 19046.1 17042.27 14848.11 12543.26 10220.01 7983.348 5921.218 4129.479 2708.424 1711.42 1009.979 530.9089 214.9031 60.59311 5.55306 0 0 0 0 0 8.683786 96.59965 303.8023 623.6832 1065.197 1636.961 2314.681 3083.476 3917.348 4797.227 5731.57 6697.268
14202.22 15909.22 17500.76 19020.03 20468.32 21728.51 22719.29 23538.47 24170.38 24669.08 25046.71 25320.99 25511.13 25623.65 25665.05 25592.25 25456.79 25410.68 25373.52 25242.65 24988.34 24530.08 24010.94 23574.31 23294.48 23186.51 23221.94 23454.73 23866.46 24224.87 24374.38 24302.4 24077.97 23728.81 23212.42 22385.34 21210.56 19720.63 17937.86 15907.78 13722.68 11462.85 9220.136 7084.388 5142.766 3476.667 2166.482 1295.846 698.0622 326.3144 113.2517 22.1952 0.01320597 0 0 0 0 0.4152353 40.02791 181.2373 446.8559 835.0345 1356.239 2004.868 2757.906 3598.447 4496.138 5429.914 6403.762 7391.35
14441.82 16128.35 17701.99 19173.81 20506.22 21641.58 22539.29 23192.07 23656.84 24000.28 24290.5 24597.71 24860.74 25047.09 25173.93 25266.18 25374.36 25610.8 25918.08 26130.6 26094.22 25754.88 25319.63 24935.36 24625.42 24433.84 24390.17 24516.18 24719.03 24818.24 24718.29 24383.61 23872.76 23237.08 22507.34 21519.25 20198.22 18579.99 16726 14670.25 12509.36 10320.92 8184.637 6185.798 4382.287 2847.578 1679.75 940.5875 450.9744 182.7297 49.30392 3.015064 0 0 0 0 0 11.31268 89.86285 279.6946 599.7379 1060.482 1656.268 2373.769 3196.837 4103.94 5067.004 6065.545 7077.804 8085.342
14688.65 16396.14 17927.95 19341.13 20624.21 21690.25 22500.19 23075.05 23378.79 23553.92 23741.39 23998.38 24298.96 24577.54 24814.44 25078.46 25426.09 25946.26 26538.86 26992.16 27106.62 26921.05 26604.8 26271.47 25964.2 25698.77 25551.43 25478.52 25378.73 25211.89 24879.43 24313.01 23567.39 22682.12 21693.2 20557.36 19118.66 17388.87 15441.99 13362.14 11216.36 9120.513 7132.398 5296.223 3649.037 2264.103 1255.886 643.095 259.0452 82.87193 13.28502 0 0 0 0 0 1.339959 34.9461 152.6885 386.4528 761.1281 1292.814 1956.354 2738.031 3630.334 4608.257 5640.974 6699.311 7745.204 8773.225
14900.85 16641.08 18176.68 19523.57 20732.36 21757 22535.11 23068.71 23316.64 23348 23430.58 23630.02 23912.88 24260.3 24639.47 25056.64 25595.27 26323.12 27165.75 27800.69 28107.69 28105.95 27929.94 27672.07 27384.19 27085.58 26770.54 26421.43 26014.79 25516.29 24901.59 24156.45 23254.46 22170.61 20952.52 19626.99 18065.81 16258.63 14249.89 12150.96 10015.35 7979.098 6101.963 4418.751 2935.639 1720.63 889.2006 395.5043 121.5401 30.03542 0.5154318 0 0 0 0 0 9.293711 70.15209 226.1431 504.3445 937.5051 1529.307 2257.71 3108.892 4072.422 5122.944 6224.701 7334.748 8409.133 9452.6
15144.46 16905.35 18434.12 19745.56 20882.33 21847.33 22583.04 23066.63 23276.53 23311.64 23341.82 23487.19 23743.94 24080.37 24526.94 25088.2 25831.35 26804.74 27837.96 28652.77 29151.9 29342.6 29313.8 29173.89 28900.21 28470.18 27924.83 27324.04 26649.84 25888.71 25023.58 24069.82 23003.07 21786.42 20418.31 18945.72 17241.33 15328.51 13273.75 11163.29 9061.699 7068.527 5255.571 3634.598 2274.942 1237.404 583.4943 212.1954 47.61625 5.971844 0 0 0 0 0 0.559926 26.24472 119.3508 314.199 639.7712 1125.21 1770.793 2562.911 3488.07 4522.493 5639.224 6798.425 7952.271 9053.055 10107.11
15417.21 17200.7 18733.05 20015.03 21088.9 21992.94 22689.53 23127.42 23309.09 23345.91 23394.95 23503.99 23732.27 24063.27 24520.91 25253.34 26212.25 27427.37 28635.96 29625.96 30310.6 30701.89 30829.17 30706.65 30362.59 29781.44 29025.12 28194.98 27313.22 26376.76 25358.66 24265.54 23028.47 21649.9 20177.91 18605.32 16784.27 14762.12 12620.24 10478.11 8390.93 6433.711 4685.082 3115.482 1808.453 899.4276 361.1079 105.1649 12.66018 0.02183862 0 0 0 0 0.00126836 7.338867 57.92665 185.8665 421.8467 795.771 1324.129 2021.28 2875.449 3869.382 4971.981 6149.457 7351.81 8536.215 9655.328 10712.02
15695.48 17538.85 19106.89 20367.39 21387.65 22210.56 22836.17 23220.78 23369.11 23410.62 23502.04 23618.15 23842.12 24171.86 24733.95 25596.57 26786.05 28248.44 29616.47 30747.75 31596.82 32113.77 32298.37 32140.24 31699.2 30999.71 30113.22 29145.28 28141.43 27082.66 25964.46 24752.46 23385.65 21839.05 20212.47 18547.33 16652.45 14555.29 12365.47 10199.88 8162.183 6243.597 4499.919 2965.238 1731.915 853.2102 339.8702 87.24425 12.79543 0.789372 0 0 0 0 2.058057 26.53978 108.1299 275.1894 552.0223 967.6478 1535.735 2281.734 3188.794 4239.193 5412.467 6645.941 7876.397 9073.21 10201.19 11259.86
