SpatialData/RES_GREENPER/resdens_kern400_sqkm_matchextent.asc
ncols         299
nrows         658
xllcorner     582840.57256934
yllcorner     4505984.7454546
cellsize      30
NODATA_value  -9999
[rows 589 to 619 of 658, columns 70 to 139 of 299]
15863.16 15455.81 15190.8 15090.3 15150.99 15383.14 15799.12 16324.7 16915.93 17495.4 17971.04 18303.4 18465.55 18481.64 18428.18 18357.34 18256.74 18097.94 17901.32 17731.42 17627.31 17580.91 17613.84 17782.74 18022.9 18307.66 18707.35 19137.32 19515.24 19747.08 19795.69 19644.69 19303.5 18809.27 18202.28 17848.68 17738.26 17780.36 17889.38 17996.43 18224.48 18509.2 18741.65 18875.54 18878.09 18713.26 18365.59 17830.33 17090.91 16076.7 14843.23 13427.39 11754.92 9892.842 7928.658 5968.945 4122.989 2528.133 -9999 -9999 -9999 -9999 -9999 -9999 -9999 -9999 -9999 -9999 -9999 -9999
15483.79 15174.3 14993.09 14957.46 15078.09 15380.33 15835.37 16375.65 16956.21 17490.12 17882.28 18105.89 18192.77 18167.19 18096.22 18000.96 17865.42 17683.34 17473.59 17275.05 17126.97 17041.26 17053.87 17223.61 17479.01 17813.11 18262.64 18713.78 19078.7 19305.09 19327.71 19118.42 18698.57 18135.39 17590.46 17350.92 17357.46 17541.56 17806.62 18041.15 18224.36 18448.19 18629.18 18725.11 18693.31 18500.78 18133.45 17558.47 16791.02 15762.88 14507.02 13082.07 11414.36 9547.215 7570.026 5588.366 3713.252 2094.912 -9999 -9999 -9999 -9999 -9999 -9999 -9999 -9999 -9999 -9999 -9999 -9999
15048.93 14845 14774.82 14849.74 15056.99 15417.16 15899.94 16447.34 16998.88 17469.23 17796.59 17986.78 18044.55 18017.51 17934.17 17809.55 17641.68 17431.71 17199.02 17018.29 16896.01 16806.29 16807.01 16927.64 17124.58 17432.31 17865.09 18276.87 18596.17 18790.57 18806.78 18590.65 18141.18 17505.82 17040.34 16898.61 17002.37 17304.82 17684.63 18017.97 18224.39 18335.15 18440.25 18474.97 18391.76 18174.35 17780.48 17164.78 16369.92 15326.88 14055.14 12625.86 10970.43 9116.014 7155.475 5184.917 3331.287 1746.62 -9999 -9999 -9999 -9999 -9999 -9999 -9999 -9999 -9999 -9999 -9999 -9999
14600.2 14508.75 14568.86 14763.3 15072.67 15504.43 16016.65 16558.69 17052.78 17476.99 17806.72 17978.6 18023.97 17991.02 17885.07 17716.55 17516.44 17328.21 17167.6 17046.2 16949.56 16865.8 16839.06 16893.28 17000.46 17207.74 17546.67 17907.58 18164.24 18288.15 18246.17 18034.14 17595.93 16951.88 16559.38 16527.22 16741.16 17131.4 17601.38 18021.35 18286.45 18357.31 18292.44 18199.61 18035.17 17777.53 17326.7 16670.35 15848.77 14786.33 13506.05 12081.27 10449.64 8632.242 6712.188 4795.126 3013.658 1519.819 -9999 -9999 -9999 -9999 -9999 -9999 -9999 -9999 -9999 -9999 -9999 -9999
14153.63 14168.85 14368.07 14684.53 15093.45 15590.67 16137.03 16669.54 17158.81 17595.7 17901.19 18037.19 18077.79 18021.46 17881.07 17688.29 17537.92 17422.5 17339.11 17267.99 17187.01 17107.99 17040.62 17031.21 17060.3 17161.28 17355.5 17583.21 17780.51 17835.13 17726.7 17454.32 17022.94 16467.87 16178.79 16228.8 16532.07 16988.03 17501.53 17984.11 18296.76 18409.01 18333.3 18103.56 17828.22 17436.13 16876.48 16150.99 15273.86 14176.11 12896.56 11493.95 9904.331 8141.859 6294.357 4474.992 2816.364 -9999 -9999 -9999 -9999 -9999 -9999 -9999 -9999 -9999 -9999 -9999 -9999 -9999
13706.73 13829.1 14139.84 14575.01 15084.79 15647.49 16225.6 16777.3 17316.22 17757.56 18031.81 18139.04 18153.5 18062.71 17897.3 17764.51 17679.31 17644.25 17633.63 17610.29 17550.94 17460.23 17335.25 17266.23 17235.17 17222.81 17296.54 17369.92 17422.07 17399.22 17234.6 16952.24 16509.65 15980.83 15789.83 15916.68 16296.77 16798.98 17334.72 17881.83 18289.09 18481.53 18467.99 18271.23 17897.53 17351.22 16637.92 15790.5 14836.37 13666.57 12338.68 10939.13 9398.462 7714.642 5977.415 4299.946 2786.7 -9999 -9999 -9999 -9999 -9999 -9999 -9999 -9999 -9999 -9999 -9999 -9999 -9999
13236.15 13461.2 13881.56 14420.05 15023.95 15640.58 16248.59 16881.05 17464.95 17908.98 18157.54 18244.94 18228.65 18107.12 17999.27 17932.25 17912.03 17945.84 17994.23 18018.36 17993.3 17889.53 17704.55 17578.22 17471.47 17359.36 17299.93 17221.84 17107.92 16985.66 16808.97 16520.05 16072.93 15523.42 15329.26 15513.48 15941.02 16497.21 17121.14 17737.91 18231.19 18496.96 18526.36 18340.85 17964.97 17397.68 16622.29 15684.95 14613.42 13385.02 12026.75 10598.67 9045.281 7431.245 5790.399 4178.739 2689.531 -9999 -9999 -9999 -9999 -9999 -9999 -9999 -9999 -9999 -9999 -9999 -9999 -9999
12742.41 13061.17 13587.63 14216.11 14898.47 15555.73 16235.16 16941.96 17568.42 18022.27 18255.61 18333.55 18292.69 18218.27 18178.05 18176.62 18229.73 18326.9 18418.09 18477.02 18465.57 18346.65 18122.54 17912.02 17719.13 17503.16 17306.97 17078.09 16816.04 16616.98 16450.15 16161.08 15721.06 15145.19 14862.88 15025.56 15495.92 16146.09 16837.89 17494.27 18033.78 18333.02 18383.21 18215.12 17848.41 17265.11 16492.24 15573.22 14459.31 13188.5 11831.66 10374.21 8767.167 7092.649 5452.088 3891.16 2458.759 -9999 -9999 -9999 -9999 -9999 -9999 -9999 -9999 -9999 -9999 -9999 -9999 -9999
12256.63 12648.81 13258.96 13977.18 14736.13 15450.53 16223.1 16992.72 17658.19 18119.57 18347.51 18413.08 18386.2 18372.63 18388.71 18455.36 18586.11 18738.17 18854.13 18925.43 18907.95 18764.12 18521.62 18216.34 17940.04 17621.57 17276.53 16915.81 16575.08 16309.8 16124.04 15835.24 15388.46 14793.11 14389.68 14475.09 14995.16 15696.87 16418.82 17076.75 17611.26 17929.58 18005.54 17856.63 17498.42 16913.1 16156.04 15242.89 14106.61 12811.07 11460.11 9982.432 8348.83 6646.185 4976.173 3453.441 -9999 -9999 -9999 -9999 -9999 -9999 -9999 -9999 -9999 -9999 -9999 -9999 -9999 -9999
11805.61 12252.94 12929.23 13727.81 14541 15335.48 16184.83 17006.23 17703.76 18182.75 18423.46 18495.67 18527.18 18560.61 18623.45 18747.5 18935.79 19122.98 19249.67 19309.07 19261.02 19095.63 18841.26 18483.02 18114.7 17707 17220.17 16741.71 16338.56 16021.54 15784.16 15489.43 15029.87 14422.48 13886.98 13893.95 14383.4 15095.1 15809.24 16457.9 16995.61 17337.13 17442.51 17315.83 16951.16 16362.84 15618.48 14678.26 13545.24 12260.61 10902.2 9416.746 7785.549 6088.669 4427.781 2919.365 -9999 -9999 -9999 -9999 -9999 -9999 -9999 -9999 -9999 -9999 -9999 -9999 -9999 -9999
11425.25 11909.04 12629.95 13464.71 14305.18 15169.59 16074.04 16946.04 17677.63 18193.62 18475.41 18598.37 18709.41 18796.15 18904.52 19062.24 19268.64 19459.78 19573.76 19596.47 19501.9 19311.26 19033.67 18664.56 18226.08 17738.54 17143.9 16572.82 16100.58 15722.01 15404.18 15078.61 14599.36 13978.62 13401.51 13293.23 13681.72 14379.44 15118.95 15813.21 16384.95 16756.84 16878.06 16746.54 16372.08 15779.27 15003.45 14012.86 12842.63 11558.75 10178.47 8687.236 7087.403 5430.18 3817.243 2365.072 -9999 -9999 -9999 -9999 -9999 -9999 -9999 -9999 -9999 -9999 -9999 -9999 -9999 -9999
11159.08 11665.08 12385.93 13205.43 14040.68 14944.66 15893.78 16800.61 17572.15 18142.36 18476.97 18674.11 18859.02 19013.43 19168.05 19354.53 19552.23 19710.23 19782.33 19758.03 19613.92 19388.39 19082.87 18719.35 18279.2 17716.35 17069.69 16419.21 15868.51 15409.71 15006.73 14632.5 14127.69 13542.63 13014.29 12758.54 13066.26 13760.38 14511.25 15219.5 15800.26 16181.34 16306.92 16166.78 15792.45 15194.78 14346.7 13312.71 12130.73 10813.97 9342.935 7819.972 6279.273 4695.599 3169.439 -9999 -9999 -9999 -9999 -9999 -9999 -9999 -9999 -9999 -9999 -9999 -9999 -9999 -9999 -9999
11016.75 11517.36 12208.63 12996.13 13800.34 14697.73 15670.39 16595.09 17390.66 18002.97 18385.21 18650.97 18897.91 19115.56 19319.68 19531.96 19708.25 19819.39 19845.46 19774.56 19599.77 19372.71 19071.57 18723.99 18279.99 17700.65 17007.19 16331.85 15709.33 15182.79 14733.05 14356.94 13870.13 13351.02 12886.09 12586 12772.04 13367.88 14073.49 14761.63 15314.61 15661.39 15752.05 15596.37 15217.27 14571.12 13679.88 12615.18 11417.23 10040.24 8508.851 6928.437 5402.667 3924.611 2524.055 -9999 -9999 -9999 -9999 -9999 -9999 -9999 -9999 -9999 -9999 -9999 -9999 -9999 -9999 -9999
10983.43 11451.62 12102.53 12856.58 13622.82 14485.04 15433.21 16354.53 17152.38 17776.95 18183.31 18481.16 18791.13 19089.32 19356.07 19605.97 19779.24 19873.45 19885.23 19788.19 19589.95 19327.13 19009.03 18658.92 18207.9 17662.9 17063.43 16434.48 15791.72 15183.81 14699.36 14320.18 13849.86 13397.37 13072.59 12884.84 12919 13342.15 13901.29 14464.19 14957.34 15260.03 15310.01 15096.96 14622.98 13926.34 13022.93 11953.72 10686.55 9249.566 7690.8 6096.206 4579.021 3172.439 1935.576 -9999 -9999 -9999 -9999 -9999 -9999 -9999 -9999 -9999 -9999 -9999 -9999 -9999 -9999 -9999
11091.78 11512.56 12099.42 12788.99 13521.56 14367.91 15288.04 16188.34 16983.39 17601.26 18010.43 18340.09 18686.03 19004.2 19285.19 19539.98 19749.56 19884.74 19902.01 19802.63 19584.64 19280.82 18916.74 18504.97 18064.02 17622.58 17137.92 16610.7 16044.38 15458.92 14937.7 14496.67 14017.64 13689.69 13506.82 13448.31 13506.57 13721.5 14091.78 14475.52 14805.55 15017.97 14981.07 14661.62 14094.89 13323.36 12408.26 11284.79 9959.607 8489.231 6919.298 5352.935 3887.133 2558.364 -9999 -9999 -9999 -9999 -9999 -9999 -9999 -9999 -9999 -9999 -9999 -9999 -9999 -9999 -9999 -9999
11332.44 11695.87 12216.61 12875.8 13596.51 14404.33 15269.23 16112.16 16868.04 17499.46 17947.11 18283.96 18631.66 18953.36 19207.47 19425.62 19630.48 19796.79 19834.11 19731.3 19496.38 19153.87 18737.3 18323.88 17942.93 17545.14 17134.49 16741.86 16310.33 15856.69 15400.48 14919.55 14432.4 14184.62 14124.62 14191.29 14345 14547.67 14691.09 14863.34 14969.96 14943.83 14746.53 14332.71 13693.37 12833.26 11803.1 10628.1 9277.9 7804.29 6256.978 4748.139 3379.05 2172.775 -9999 -9999 -9999 -9999 -9999 -9999 -9999 -9999 -9999 -9999 -9999 -9999 -9999 -9999 -9999 -9999
11642.83 11978.6 12490.88 13120.6 13806.48 14535.78 15321.17 16075.89 16803.31 17444.34 17921.73 18271.09 18594.47 18882.02 19134.63 19322.89 19477.33 19585.27 19612.09 19509 19264.29 18897.78 18490.71 18123.79 17786.14 17409.43 17038.54 16753.92 16470.91 16164.31 15838.25 15445.6 15083.06 14915.77 14937.13 15105.91 15336.67 15587.54 15672.7 15571.12 15403.78 15130.07 14713.32 14161.24 13394.17 12411.77 11282.34 10040.06 8695.298 7250.47 5765.873 4348.287 3118.897 2080.436 -9999 -9999 -9999 -9999 -9999 -9999 -9999 -9999 -9999 -9999 -9999 -9999 -9999 -9999 -9999 -9999
12035.78 12357.29 12846.43 13428.74 14056.62 14685.48 15360.58 16063.89 16759.63 17382.61 17861.35 18201.61 18500.29 18774.96 19032.17 19205.58 19302.18 19324.62 19256.58 19126.67 18879.91 18524.07 18180.42 17861.84 17557.98 17208.56 16881.42 16648.86 16513.8 16368.7 16193.75 15923.16 15705.21 15661.96 15783.18 16036.01 16330.54 16599.5 16676.75 16520.32 16152.46 15588.85 14901.78 14108.56 13202.23 12120.32 10919.28 9628.58 8292.644 6910.292 5528.08 4248.335 3182.679 -9999 -9999 -9999 -9999 -9999 -9999 -9999 -9999 -9999 -9999 -9999 -9999 -9999 -9999 -9999 -9999 -9999
12748.93 12962.38 13288.18 13731.08 14276.07 14794.98 15352.32 16019.69 16696.6 17299.84 17784.07 18122.18 18413.23 18692.22 18943.48 19103.83 19154.57 19106.02 18946.66 18713.76 18421.22 18106.89 17822.99 17549.63 17275.23 16970.28 16677.88 16499.51 16449.73 16462.01 16428.01 16305.33 16215.99 16285.48 16484.87 16767.97 17122.25 17388.42 17431.15 17238.34 16803.43 16147.88 15289.96 14287.07 13212.33 12053.71 10804.15 9496.944 8179.21 6884.88 5602.293 4387.015 3297.918 -9999 -9999 -9999 -9999 -9999 -9999 -9999 -9999 -9999 -9999 -9999 -9999 -9999 -9999 -9999 -9999 -9999
13725.45 13819.87 13967.7 14183.22 14493.28 14902.02 15421.97 16070.95 16761.68 17395.67 17883.09 18179.37 18416.51 18678.16 18893.56 19022.36 19056.23 18951.86 18722.12 18396.74 18022.07 17742.14 17474.88 17211.61 16936.74 16666.99 16423.6 16299.63 16322.82 16462.87 16520.79 16531.19 16561.3 16719.68 16953.28 17255.23 17634.1 17868.74 17867.67 17624.88 17135.81 16426.52 15507.49 14425.07 13275.48 12114.38 10853.07 9541.376 8205.647 6899.142 5625.209 4419.35 3308.504 -9999 -9999 -9999 -9999 -9999 -9999 -9999 -9999 -9999 -9999 -9999 -9999 -9999 -9999 -9999 -9999 -9999
14821.83 14796.31 14801.88 14886.32 15020.76 15245.76 15695.17 16343.54 17039.65 17673.47 18164.1 18477.77 18683.79 18877.54 19002.93 19027.3 19000.18 18843.91 18548.46 18148.52 17734.64 17448.55 17174.69 16862.39 16572.08 16337.48 16133.28 16041.54 16138.98 16340.52 16474.77 16589.71 16698.25 16886.73 17149.55 17482.61 17828.69 18017.48 17971.13 17666.08 17125.4 16379.74 15415.96 14286.37 13088.04 11911.6 10670.02 9374.831 8036.803 6734.368 5496.799 4323.897 -9999 -9999 -9999 -9999 -9999 -9999 -9999 -9999 -9999 -9999 -9999 -9999 -9999 -9999 -9999 -9999 -9999 -9999
15920.94 15840.85 15801.86 15791.47 15783.95 15887.4 16227.62 16787.02 17454.26 18067.77 18567.55 18909.22 19121.92 19247.75 19296.11 19215.66 19030.62 18761.92 18399.05 17929.1 17487.38 17162.28 16889.63 16531.85 16196.35 15978.67 15824.72 15765.73 15905.34 16106.15 16286.09 16460.96 16600.86 16791.56 17082.62 17425.99 17697.37 17835.49 17726.19 17364.13 16775.98 15994.95 15010.71 13866.29 12652.7 11449.73 10250.07 8986.254 7675.881 6406.983 5229.931 4096.141 -9999 -9999 -9999 -9999 -9999 -9999 -9999 -9999 -9999 -9999 -9999 -9999 -9999 -9999 -9999 -9999 -9999 -9999
16996.03 16919.53 16843.12 16754.46 16642.14 16690.45 16942 17372.98 17953.19 18550.69 19049.69 19410.21 19646.39 19716.01 19663.81 19469.39 19153.34 18736.58 18257.85 17727.6 17244.26 16860.34 16555.32 16183.63 15836.76 15599.98 15496.28 15506.17 15600.1 15756.56 15923.78 16123.04 16304.29 16478.52 16768.49 17058.09 17254.78 17320.14 17148.38 16730.83 16098.96 15291.28 14308.63 13178.8 11964.39 10765.78 9610.518 8394.322 7141.508 5940.416 4840.522 3746.445 -9999 -9999 -9999 -9999 -9999 -9999 -9999 -9999 -9999 -9999 -9999 -9999 -9999 -9999 -9999 -9999 -9999 -9999
17994.01 17928.24 17816.22 17645.43 17481.47 17489.56 17666.99 17997.4 18484.76 19070.68 19557.63 19914.94 20155.21 20207.26 20042.68 19715.08 19261.52 18713.62 18100.64 17478.1 16963.99 16523.76 16178.91 15828.11 15514.67 15286.15 15192.62 15193.13 15215.32 15286.24 15412.16 15613.6 15818.02 16003.51 16217.03 16412.08 16514.91 16498.65 16261.94 15790.53 15125.62 14311.32 13344.81 12234.81 11050.41 9892.099 8783.693 7631.382 6466.007 5364.751 4328.895 -9999 -9999 -9999 -9999 -9999 -9999 -9999 -9999 -9999 -9999 -9999 -9999 -9999 -9999 -9999 -9999 -9999 -9999 -9999
18820.36 18769.76 18629.67 18400.04 18210.82 18178.53 18295.09 18551.11 18971 19545.34 20033.8 20366.28 20587.35 20613.64 20400.84 19933.79 19331.44 18648.65 17899.16 17143.17 16573.12 16100.9 15718.85 15404.28 15144.6 14964.55 14820.14 14751.7 14735.5 14735.19 14796.7 14982.49 15204.97 15387.12 15463.61 15522.75 15517.99 15408.89 15106.3 14594.59 13914.64 13104.34 12148.84 11078.32 9953.712 8852.44 7812.909 6743.402 5695.423 4688.074 3720.881 -9999 -9999 -9999 -9999 -9999 -9999 -9999 -9999 -9999 -9999 -9999 -9999 -9999 -9999 -9999 -9999 -9999 -9999 -9999
19395.06 19358.69 19197.79 18950.47 18743.93 18679.97 18745.38 18955.02 19321.08 19830.62 20368.54 20725.96 20919.57 20897.45 20633.8 20107.35 19372.69 18542.3 17662.03 16780.42 16083.44 15586.66 15194.12 14917.48 14670.49 14465.02 14300.3 14195.8 14160.75 14151.11 14177.96 14318.06 14475.37 14561.41 14543.82 14445.59 14321.67 14121.16 13758.32 13216.17 12522.59 11708.82 10783.91 9768.178 8712.425 7702.62 6753.286 5792.483 4854.825 3929.464 3052.842 -9999 -9999 -9999 -9999 -9999 -9999 -9999 -9999 -9999 -9999 -9999 -9999 -9999 -9999 -9999 -9999 -9999 -9999 -9999
19660.04 19634.97 19465.23 19224.41 19006.81 18919.35 18950.17 19131.6 19453.09 19898.58 20434.02 20824.88 21040.45 21012.93 20716.81 20142.73 19356.07 18432.62 17433.56 16431.31 15599.96 15020.42 14597.04 14279.5 14006.29 13787.73 13616.81 13507.32 13494.77 13514.42 13554.34 13569.05 13588.65 13567.77 13468.47 13277.54 13023.22 12727.01 12292.88 11710.57 11005.55 10203.15 9313.541 8358.021 7400.754 6509.94 5671.869 4806.074 3955.899 3136.34 -9999 -9999 -9999 -9999 -9999 -9999 -9999 -9999 -9999 -9999 -9999 -9999 -9999 -9999 -9999 -9999 -9999 -9999 -9999 -9999
19590.86 19573.86 19413.82 19185.81 18957.34 18843.31 18852.04 19012.09 19295.57 19685.26 20193.95 20600.73 20821.84 20798.6 20501.36 19915.59 19106.65 18149.77 17111.89 16025.23 15048.69 14329.48 13868.23 13515.42 13209.51 12984.19 12814.61 12710.43 12692.28 12706.21 12728.49 12671.06 12592.2 12466.22 12274.2 12012.97 11693.66 11296.92 10787.46 10167.71 9446.244 8653.319 7811.713 6942.922 6110.606 5341.236 4580.598 3803.237 3056.339 -9999 -9999 -9999 -9999 -9999 -9999 -9999 -9999 -9999 -9999 -9999 -9999 -9999 -9999 -9999 -9999 -9999 -9999 -9999 -9999 -9999
19189.6 19172.32 19029.85 18821.04 18584.31 18436.82 18420.47 18555.19 18799.01 19146.32 19625.97 20043.88 20258.5 20233.32 19932.27 19338.71 18516.88 17543.2 16473.18 15349.88 14290.77 13490.21 13011.69 12651.21 12311 12057.81 11866.11 11729.55 11668.54 11661.58 11670.08 11582.21 11418.95 11227.79 10974.5 10663.1 10319.72 9898.939 9330.818 8662.184 7932.46 7163.827 6384.739 5607.026 4867.325 4198.768 3523.303 2846.083 2225.156 -9999 -9999 -9999 -9999 -9999 -9999 -9999 -9999 -9999 -9999 -9999 -9999 -9999 -9999 -9999 -9999 -9999 -9999 -9999 -9999 -9999
18459.09 18420.55 18305.4 18124.38 17896.03 17708.44 17660.05 17757.83 17966.79 18289.47 18753.76 19181.77 19379.84 19342.3 19032.9 18441.55 17620.77 16638.39 15547.09 14402.99 13295.03 12437.04 11943.77 11576.66 11228.43 10936.68 10717.73 10556.71 10469.69 10444.89 10434.48 10321.1 10100.84 9829.94 9525.979 9195.603 8863.359 8450.309 7906.379 7253.21 6530.472 5781.342 5057.713 4354.458 3721.434 3155.142 2571.215 2013.602 -9999 -9999 -9999 -9999 -9999 -9999 -9999 -9999 -9999 -9999 -9999 -9999 -9999 -9999 -9999 -9999 -9999 -9999 -9999 -9999 -9999 -9999
17395.3 17327.79 17244.43 17097.06 16898.11 16692.96 16607.04 16665.08 16851.07 17163.58 17626.73 18060.55 18232.93 18172.64 17853.33 17266.18 16454.34 15470.83 14381.03 13242.21 12138.78 11245.93 10729.56 10346.16 10001.42 9692.188 9436.308 9248.479 9157.739 9132.187 9079.173 8931.634 8698.379 8363.47 8011.074 7670.425 7345.635 6936.175 6418.754 5823.166 5174.69 4514.415 3873.659 3274.587 2770.82 2284.048 -9999 -9999 -9999 -9999 -9999 -9999 -9999 -9999 -9999 -9999 -9999 -9999 -9999 -9999 -9999 -9999 -9999 -9999 -9999 -9999 -9999 -9999 -9999 -9999
