SpatialData/RES_GREENPER/resdens_kern400_sqkm_matchextent.asc
ncols         299
nrows         658
xllcorner     582840.57256934
yllcorner     4505984.7454546
cellsize      30
NODATA_value  -9999
[rows 217 to 247 of 658, columns 140 to 209 of 299]
-9999 -9999 -9999 -9999 -9999 -9999 -9999 -9999 -9999 -9999 -9999 -9999 -9999 -9999 -9999 -9999 -9999 -9999 -9999 838.7268 1027.338 1266.398 1549.694 1872.121 2232.14 2691.002 3388.964 4322.6 5471.694 6810.314 8282.186 9816.897 11328.89 12714.94 13874.92 14742.77 15284.79 15487.65 15357.83 14913 14194.84 13255.99 12156.13 10959.75 9739.685 8584.216 7426.555 6226.299 5060.972 4034.626 3263.314 2814.535 2713.628 2944.82 3457.061 4195.667 5129.402 6224.612 7408.503 8671.896 9982.23 11312.15 12606.76 13836.83 15005.46 16096.07 17086.41 17989.01 18805.8 19560.31
-9999 -9999 -9999 -9999 -9999 -9999 -9999 -9999 -9999 -9999 -9999 -9999 -9999 -9999 -9999 -9999 -9999 -9999 956.8845 1134.838 1327.88 1544.082 1786.152 2047.515 2349.151 2860.639 3589.984 4519.031 5644.153 6939.191 8363.842 9868.626 11376.73 12781.67 13979.51 14885.57 15456.33 15677.64 15555.25 15114.03 14390.27 13424.5 12270.05 10990.95 9666.115 8369.636 7147.671 5939.471 4768.546 3757.246 3022.727 2617.69 2567.932 2861.739 3440.429 4239.467 5205.836 6301.405 7474.306 8699.163 9971.882 11238.03 12466.96 13643.09 14763.47 15822.01 16802.88 17717.23 18570.76 19367.14
-9999 -9999 -9999 -9999 -9999 -9999 -9999 -9999 -9999 -9999 -9999 -9999 -9999 -9999 -9999 -9999 -9999 -9999 1299.778 1504.234 1711.498 1916.655 2129.031 2339.554 2669.949 3225.266 3965.122 4871.742 5946.333 7167.611 8515.752 9956.531 11432.09 12831.08 14040.86 14977.99 15586.74 15841.41 15743.06 15316.01 14590.01 13603.93 12408.2 11066.7 9656.355 8235.833 6882.959 5659.49 4529.384 3588.213 2914.862 2570.561 2574.726 2930.196 3577.305 4435.093 5432.636 6521.231 7672.644 8863.82 10079.05 11275.2 12432.1 13539.59 14595.52 15616.62 16582.29 17498.63 18374.34 19219.09
-9999 -9999 -9999 -9999 -9999 -9999 -9999 -9999 -9999 -9999 -9999 -9999 -9999 -9999 -9999 -9999 -9999 1457.818 1710.571 1951.008 2181.964 2394.75 2589.608 2793.442 3182.161 3755.47 4484.814 5350.429 6348.474 7480.521 8739.452 10101.23 11499.11 12859.28 14066.36 15018.61 15650.45 15939.87 15881.61 15480.72 14758.75 13754.36 12520.52 11128.83 9642.417 8126.41 6665.874 5416.848 4360.716 3493.353 2901.567 2637.376 2711.646 3126.628 3831.156 4736.765 5758.778 6841.971 7969.554 9116.672 10252.56 11383.72 12477.07 13501.09 14491.22 15446.76 16396.47 17321.22 18212.52 19080.5
-9999 -9999 -9999 -9999 -9999 -9999 -9999 -9999 -9999 -9999 -9999 -9999 -9999 -9999 -9999 -9999 1547.292 1878.718 2192.999 2487.75 2757.884 2990.292 3171.521 3419.524 3854.056 4433.095 5133.076 5933.738 6840.07 7867.166 9030.979 10297.33 11602.32 12878.77 14045.98 14992.59 15636.7 15946.73 15911.62 15534.11 14828.68 13822.77 12573.53 11144.47 9590.973 7997.73 6479.091 5208.289 4234.545 3456.21 2960.875 2787.868 2945.108 3418.834 4167.729 5111.054 6160.161 7246.696 8355.017 9450.936 10503.28 11541.41 12554.21 13510.32 14433.37 15331.48 16230.46 17146.27 18052.21 18929.42
-9999 -9999 -9999 -9999 -9999 -9999 -9999 -9999 -9999 -9999 -9999 -9999 -9999 -9999 -9999 -9999 1964.442 2373.994 2762.926 3122.03 3442.862 3699.949 3885.661 4188.045 4651.05 5224.68 5879.239 6602.959 7403.231 8322.227 9371.073 10521.84 11716.38 12890.54 13983.35 14894.87 15530.84 15837.92 15805.2 15439.05 14749.21 13761.15 12516.9 11063.01 9474.244 7841.092 6323.979 5061.282 4148.487 3477.972 3088.57 3012.995 3252.663 3790.357 4591.122 5572.813 6637.056 7724.071 8805.123 9846.231 10835.96 11790.75 12703.8 13580.38 14424.9 15263.78 16112.06 16982.93 17874.38 18728.92
-9999 -9999 -9999 -9999 -9999 -9999 -9999 -9999 -9999 -9999 -9999 -9999 -9999 -9999 -9999 1943.673 2454.191 2954.133 3426.223 3852.961 4217.963 4501.157 4717.517 5068.409 5534.355 6078.898 6677.62 7315.66 8018.87 8826.888 9749.792 10765.91 11826.31 12878.38 13867.67 14709.49 15313.2 15604.16 15563.62 15196.72 14523.57 13560.21 12324.14 10871.69 9281.941 7673.589 6202.028 4985.297 4137.695 3580.744 3292.505 3306.479 3638.522 4253.967 5104.474 6117.216 7188.273 8265.789 9309.239 10294.79 11226.51 12114.47 12947.04 13736.82 14503.34 15258.26 16042.55 16853.13 17679.98 18481.84
-9999 -9999 -9999 -9999 -9999 -9999 -9999 -9999 -9999 -9999 -9999 -9999 -9999 -9999 1813.944 2413.553 3026.563 3620.75 4176.341 4665.876 5069.47 5374.098 5615.413 5990.111 6469.469 7020.553 7592.77 8173.55 8788.002 9459.995 10214.58 11041.95 11922.28 12826.98 13689.67 14442.53 14989.15 15253.16 15202.42 14840.44 14178.87 13233.72 12026.08 10603.58 9053.967 7517.455 6125.012 4982.133 4227.727 3804.75 3624.42 3739.704 4156.279 4836.145 5726.166 6740.584 7803.372 8861.89 9872.357 10809.06 11679.58 12488.24 13241.7 13952.17 14639.21 15311.7 16000.92 16718.98 17451.12 18177.02
-9999 -9999 -9999 -9999 -9999 -9999 -9999 -9999 -9999 -9999 -9999 -9999 -9999 1574.998 2230.543 2939.212 3652.014 4338.893 4973.46 5522.09 5964.185 6283.385 6579.109 7077.008 7681.178 8300.746 8883.703 9423.672 9937.532 10456.28 11014.35 11605.25 12208.04 12824.81 13462.38 14101.85 14581.96 14815.78 14756.95 14394.58 13744.27 12831.24 11675.65 10313.14 8844.741 7408.21 6122.94 5100.694 4475.879 4190.727 4142.559 4349.527 4822.324 5545.017 6454.632 7468.706 8519.461 9542.785 10500.36 11381.85 12192.01 12922.11 13584.26 14199.45 14798.23 15388.88 15979.63 16591.11 17210.12 17830.77
-9999 -9999 -9999 -9999 -9999 -9999 -9999 -9999 -9999 -9999 -9999 -9999 -9999 1913.497 2680.275 3493.996 4304.821 5082.085 5789.201 6394.768 6885.61 7356.141 7840.474 8476.964 9172.424 9836.815 10414.76 10899.38 11309.08 11679.31 12040.48 12394.61 12742.72 13086.5 13435.22 13790.82 14131.1 14323.24 14253.8 13902.24 13277.06 12406.11 11316.29 10039.66 8682.137 7390.172 6258.381 5389.507 4907.655 4756.347 4821.619 5108.033 5628.037 6359.897 7261.304 8267.301 9305.281 10296.34 11208.27 12025.12 12755.63 13407.32 13985.24 14502.66 14991.44 15476.95 15981.11 16498.14 16998.38 17497.14
-9999 -9999 -9999 -9999 -9999 -9999 -9999 -9999 -9999 -9999 -9999 -9999 1499.66 2270.535 3144.792 4058.961 4962.976 5822.622 6596.021 7286.276 8009.243 8697.386 9330.429 10064.61 10818.86 11501.45 12057.06 12473.38 12765.04 12984.77 13159.32 13292.94 13399.14 13494.19 13595.24 13692.8 13768.53 13817.24 13754.93 13428.1 12839.89 12015.52 10991.22 9813.769 8609.539 7488.107 6538.608 5854.854 5542.449 5508.197 5652.472 5996.109 6541.648 7268.967 8144.167 9123.703 10125.46 11078.76 11946.59 12707.62 13357.71 13915.36 14407.15 14844.94 15237.26 15628.3 16021.79 16428.14 16816.77 17190.93
-9999 -9999 -9999 -9999 -9999 -9999 -9999 -9999 -9999 -9999 -9999 1054.159 1758.932 2633.745 3609.903 4617.474 5605.078 6535.732 7398.967 8346.261 9308.971 10190.2 10945.67 11735.74 12508.56 13178.95 13696.79 14043.92 14219.74 14278.29 14269.46 14205.27 14096.74 13968.45 13851.4 13742.95 13608.72 13445.4 13281.67 12999.08 12462.18 11694.49 10742.11 9693.556 8667.47 7732.887 6971.839 6468.624 6323.077 6381.05 6586.902 6959.937 7508.237 8238.997 9122.998 10094.45 11058.54 11964.03 12768.66 13454.51 14022.56 14477.78 14851.38 15197.42 15524.1 15835.71 16131.18 16411.08 16667.85 16910.05
-9999 -9999 -9999 -9999 -9999 -9999 -9999 -9999 -9999 -9999 -9999 1225.363 2022.432 2992.91 4057.393 5141.304 6193.931 7186.785 8290.046 9485.213 10655.48 11707.99 12592.77 13436.89 14227.11 14878.91 15339.91 15594.06 15637.34 15515.82 15305.07 15057.14 14770.96 14464.9 14175.38 13887.73 13583.96 13256.03 12919.18 12607.94 12138.6 11436.81 10592.19 9709.811 8868.057 8120.21 7547.14 7218.466 7204.778 7321.877 7565.713 7979.238 8563.921 9313.297 10202.15 11145.75 12065.79 12915.18 13656.31 14268.96 14748.62 15121.27 15392.69 15603.33 15816.18 16036.24 16240.13 16406.54 16541.98 16663.18
-9999 -9999 -9999 -9999 -9999 -9999 -9999 -9999 -9999 -9999 764.1714 1403.375 2280 3324.757 4453.552 5591.844 6688.977 7841.376 9184.584 10590.64 11981.15 13258.33 14328.86 15220.94 16016.97 16638.76 17031.73 17178.88 17082.83 16785.74 16347.09 15852.46 15365.85 14924.14 14505.29 14094.41 13666.14 13210.46 12738.34 12290.56 11870 11262.6 10575 9863.584 9195.592 8621.846 8223.792 8066.281 8148.058 8310.063 8615.538 9072.061 9671.308 10428.95 11290.79 12184.69 13053.97 13852.81 14534.04 15080.4 15481.73 15762.13 15943.7 16055.78 16145.68 16226.5 16306.34 16374.52 16424.81 16490.75
-9999 -9999 -9999 -9999 -9999 -9999 -9999 -9999 -9999 -9999 886.523 1581.581 2512.333 3604.498 4773.47 5944.208 7091.779 8455.637 10013.49 11681.32 13317.4 14802.74 16039.01 16980.19 17757.66 18335.06 18653.83 18693.93 18460.69 18001.36 17378.25 16675.55 15973.4 15330.81 14786.34 14300.54 13792.85 13251.82 12685.75 12132.81 11676.03 11213.34 10697.82 10153.2 9642.286 9227.651 8985.929 8985.105 9122.472 9367.338 9719.017 10186.68 10782.65 11514.49 12322.92 13150.1 13958.34 14698.07 15324.44 15815.39 16154.52 16350.84 16445.27 16478.64 16459.29 16424.66 16364.98 16334.31 16342.51 16359.24
-9999 -9999 -9999 -9999 -9999 -9999 -9999 -9999 -9999 531.2057 1020.823 1751.432 2706.069 3817.441 5001.446 6182.611 7434.375 9002.003 10820.45 12720.97 14558.32 16215.78 17594.92 18620.24 19354.45 19870.23 20107.17 20039.57 19678.05 19084.93 18323.99 17483.97 16633.46 15833.91 15122.08 14511.06 13933.99 13325.4 12698.1 12089.69 11586.62 11278.73 10937.87 10557.58 10195.6 9929.572 9835.111 9934.376 10134.07 10426.01 10798.36 11264.86 11855.73 12542.6 13280.25 14029.94 14759.78 15422.7 15983.94 16420.81 16712.52 16844.79 16873.64 16834.28 16726.58 16580.65 16429.73 16305.73 16260.01 16230.93
-9999 -9999 -9999 -9999 -9999 -9999 -9999 -9999 -9999 625.6826 1154.599 1901.41 2849.281 3951.194 5124.976 6296.912 7704.65 9504.663 11532.26 13618.04 15618.86 17416.69 18912.44 20036.72 20756.43 21191.46 21335.92 21177.8 20735.5 20054.16 19191.25 18241.57 17293.05 16386.28 15556.56 14793.51 14117.65 13469.19 12787.71 12121.93 11611.38 11414.19 11249.56 11040.28 10827.41 10703.65 10727.29 10883.17 11124.67 11439.93 11850.53 12358.6 12959.67 13608.23 14274.72 14934.13 15573.67 16145.52 16610.63 16947.44 17144.02 17216.55 17199.76 17098.5 16920.13 16691.01 16472.13 16288.01 16160.16 16111.27
-9999 -9999 -9999 -9999 -9999 -9999 -9999 -9999 334.7732 712.0037 1272.823 2016.862 2939.675 4003.712 5143.972 6329.097 7929.376 9903.712 12090.49 14321.61 16452.71 18364 19957.13 21165.12 21942.08 22298.75 22383.18 22169.01 21652.67 20883.75 19931.64 18888.73 17853.41 16870.65 15955.49 15094.8 14310.33 13622.56 12926.14 12246.03 11742.53 11600.06 11610.94 11577.66 11521.51 11536.97 11602.15 11776.82 12080.97 12483.04 12959.18 13496.3 14066.66 14649.6 15244.56 15817.25 16365.84 16850.53 17234.15 17480.62 17568.25 17531.21 17422.62 17256.81 17019.94 16745.81 16490 16273.12 16111 16014.19
-9999 -9999 -9999 -9999 -9999 -9999 -9999 -9999 376.3794 776.7568 1352.985 2091.231 2976.992 3988.713 5075.176 6330.779 8068.742 10169.51 12471.66 14811.1 17042.72 19044.74 20719.16 21998.67 22842.9 23268.56 23296.88 23010.53 22413.88 21564.15 20529.56 19399.71 18280.45 17232.52 16256.49 15335.57 14485.9 13723.42 13044.56 12402.29 11959.24 11876.33 12008.4 12139.15 12253.72 12326.08 12421.72 12669.96 13067.09 13538.46 14054.4 14588.99 15101.37 15609.65 16121.91 16614.17 17079.61 17489.97 17798.43 17966.47 17973.15 17851 17634.71 17342.51 17048.89 16759.92 16498.16 16289.43 16129.22 15974.68
-9999 -9999 -9999 -9999 -9999 -9999 -9999 160.6826 405.4471 812.6449 1386.417 2111.007 2965.406 3918.852 4973.084 6287.899 8112.073 10294.05 12667.51 15078.68 17383.48 19456.14 21195.07 22539.68 23491.08 24011.77 24084.13 23719.08 23032.5 22097.5 20975.31 19764.69 18574.56 17464.98 16439.54 15488.56 14603.09 13791.22 13117.17 12558.58 12216.69 12225.28 12475.32 12725.48 12920.72 13007.18 13212.94 13555.62 14013.71 14528.15 15050.56 15546.8 15991.75 16429.54 16860 17269.33 17663.18 18010.87 18263.43 18370.37 18319.45 18127.4 17831.01 17445.43 17062.08 16756.59 16527.83 16355.73 16193.13 16007.35
-9999 -9999 -9999 -9999 -9999 -9999 -9999 172.5825 420.0517 821.8895 1377.986 2080.701 2898.316 3799.13 4859.941 6204.679 8059.786 10276.18 12685.62 15139.46 17490 19606.52 21389.44 22826.24 23875.12 24481.89 24624.51 24305.94 23564.37 22513.41 21277.32 19983.38 18740.29 17583.51 16523.12 15551.93 14651.99 13836.95 13174.45 12736.87 12522.3 12655.37 13012.5 13266.86 13423.36 13617.53 13928.55 14342.44 14843.04 15368.73 15868.96 16303.12 16688.05 17053.54 17410.91 17757.69 18094.22 18388.19 18597.82 18670.28 18583.96 18342.09 17983.88 17543.76 17111.59 16759.9 16593.12 16469.39 16300.75 16134.77
-9999 -9999 -9999 -9999 -9999 -9999 71.00947 188.4678 429.3394 815.918 1347.079 2012.109 2786.453 3648.576 4726.458 6070.466 7916.232 10137.47 12556.05 15015.12 17372.47 19498.74 21323.06 22838.02 23965.18 24650.09 24861.54 24598.18 23894.19 22822.33 21501.81 20115 18810.65 17617.28 16539.13 15562.33 14671.95 13887.95 13284.48 12975.09 12897.7 13114.03 13455.42 13668.67 13818.11 14100.76 14501.51 14954.85 15468.08 15990.29 16447.48 16829.01 17154.64 17455.85 17757.47 18060.72 18363.08 18624.56 18800.13 18858.89 18754.98 18484.48 18096.71 17637.5 17188.97 16838.38 16689.49 16608.45 16477.85 16367.95
-9999 -9999 -9999 -9999 -9999 -9999 106.9589 224.5909 454.0798 821.7188 1319.625 1934.203 2655.401 3491.109 4573.766 5884.062 7677.091 9870.932 12272.59 14709.05 17040.59 19152.45 21022.81 22593.12 23776.34 24512.57 24766.66 24537.66 23869.66 22836.58 21550.58 20169.99 18838.55 17624.27 16541.01 15570.17 14701.47 13963.46 13424.43 13181.2 13166.17 13434.29 13742.98 13915.48 14088.6 14399.81 14857.51 15345.4 15845.01 16331.79 16751 17097.97 17377.18 17633.1 17893.72 18167.48 18452.26 18703.08 18877.07 18940.59 18834.58 18560.14 18174.28 17732.69 17300.12 16980.86 16817.63 16754.43 16702.45 16679.1
-9999 -9999 -9999 -9999 -9999 121.4981 187.3785 306.5425 523.6483 863.6402 1319.002 1881.607 2538.9 3334.546 4405.061 5688.567 7370.045 9475.673 11812.68 14208.67 16508.33 18609.27 20499.36 22096.92 23316.25 24093 24390.03 24198.91 23562.18 22557.88 21308.2 19970.37 18660.62 17450.19 16381.95 15424.26 14568.51 13865.33 13378.96 13199.87 13272.93 13596.67 13861.89 14026.98 14213.38 14518.55 14974.65 15473.68 15955.18 16387.82 16761.99 17072.8 17338.06 17582.66 17827.9 18083.83 18357.54 18622.76 18822.86 18908.03 18824.93 18581.61 18218.83 17808.26 17418.08 17133.33 16969.02 16905.72 16932.81 17006.35
-9999 -9999 -9999 -9999 -9999 238.7544 328.6805 448.9903 652.4072 958.237 1366.212 1871.367 2463.206 3201.302 4232.412 5488.624 7032.157 9012.618 11251.65 13569.73 15807.09 17886.43 19774.66 21381.01 22620.87 23429.29 23766.61 23619.45 23026.13 22069.68 20865.56 19558.12 18263.61 17078.95 16015.38 15057.73 14217.72 13562.01 13145.63 13057 13247.59 13599.04 13813.45 13983.72 14168.98 14453.8 14874.4 15345.37 15787.34 16170.11 16497.75 16776.74 17029.06 17277.82 17533.02 17802.83 18098.83 18392.49 18628.66 18746.32 18708.98 18526.12 18221.36 17860.25 17514.34 17266.14 17111.13 17063.16 17160.65 17316.91
-9999 -9999 -9999 -9999 296.2993 416.5776 534.8469 661.1776 847.8815 1114.774 1471.612 1914.82 2435.845 3110.549 4076.382 5280.314 6708.936 8531.447 10628.8 12828.31 14977.65 17022.09 18890.09 20489.95 21738.77 22568.84 22939.8 22837.68 22304.45 21417.86 20277.03 19007.81 17731.08 16544.1 15481.75 14517.88 13705.7 13110.31 12789.06 12817.75 13146.21 13467.56 13641.68 13805.37 13972.19 14203.47 14562.87 14990.11 15365.49 15688.04 15978.17 16241.84 16488.79 16748.8 17021.89 17327.25 17670.69 18013.96 18296.79 18452.46 18469.7 18358.8 18134.53 17847.29 17580.81 17377.94 17231.27 17206.73 17354.23 17589.75
-9999 -9999 -9999 -9999 502.5037 661.831 809.0655 949.2636 1116.887 1343.147 1645.006 2018.645 2467.244 3058.768 3943.772 5108.693 6463.447 8058.55 9967.733 12020.1 14068.64 16065.06 17905.15 19487.45 20733.65 21575.15 21970.99 21911.23 21440.41 20630.67 19558.4 18341.73 17104.56 15907.58 14806.07 13853.4 13089.13 12579.82 12383.78 12556.08 12973.47 13240.23 13362.43 13496.04 13628.13 13786.2 14063.47 14419.21 14732.65 15000.9 15247.09 15491.59 15737.92 16011.27 16326.02 16681.37 17089.01 17485.54 17805.68 18004.1 18084.39 18054.21 17934.81 17748.9 17587.43 17438.65 17318.09 17322.68 17503.48 17790.43
-9999 -9999 -9999 565.9056 767.77 962.6025 1136.475 1291.098 1445.009 1631.734 1877.446 2182.818 2561.623 3055.797 3860.185 4963.14 6257.815 7670.871 9346.345 11221.13 13148.72 15074.69 16873.91 18423.81 19651.14 20491.6 20903.85 20891.55 20488.92 19750.66 18742.32 17580.31 16371.99 15189.34 14083.5 13140.25 12434.2 12020.71 11973.28 12324.18 12711.61 12928.6 12991.96 13075.67 13154.51 13239.85 13431.56 13702.03 13946.78 14161.8 14374.7 14602.5 14838.25 15117.39 15461.68 15873.08 16337.03 16783.9 17140.34 17396.9 17554.59 17622.31 17622.18 17559.18 17487.92 17412.64 17347.06 17395.01 17604.99 17911.21
-9999 -9999 -9999 834.861 1077.815 1305.575 1504.288 1672.601 1821.588 1972.796 2161.162 2394.24 2702.902 3115.702 3829.986 4838.04 6053.712 7405.05 8855.664 10527.24 12305.57 14123.74 15853.11 17354.71 18543.26 19363.72 19786.58 19818.69 19479.85 18805.52 17870.37 16769.68 15594.68 14433.1 13360.04 12467.47 11835.03 11534.43 11657.27 12076.07 12393.08 12552.42 12569.94 12584.93 12606.82 12626.44 12730.83 12920.43 13094.62 13258.12 13440.16 13647.8 13889.57 14172.08 14523.33 14962.27 15461.85 15936.05 16333.89 16654.76 16895.45 17072.14 17197.73 17272.51 17275.27 17275.25 17287.4 17386.32 17634.79 17966.95
-9999 -9999 851.9874 1139.41 1424.006 1686.099 1910.235 2093.746 2240.188 2370.066 2504.862 2665.078 2890.647 3244.809 3837.635 4736.686 5871.824 7168.414 8561.817 10028.16 11623.81 13295.87 14927.65 16369.11 17512.28 18301.87 18730.61 18791.62 18491.71 17871 16993.9 15953.44 14837.01 13723.93 12698.57 11878.32 11359.72 11232.42 11469.82 11819.91 12069.31 12164.15 12129.89 12092.94 12052.05 12018.39 12032.92 12154.02 12271.61 12385.93 12522.7 12701.08 12938.04 13229.64 13595.3 14051.29 14544.48 15012.29 15437.94 15818.81 16147.22 16435.9 16688.79 16867.6 16955.57 17032.88 17119.04 17272.54 17578.57 17953.49
-9999 -9999 1160.731 1502.744 1833.386 2132.382 2382.737 2578.533 2718.689 2819.017 2908.399 3003.083 3151.134 3437.742 3896.668 4669.638 5717.902 6964.077 8347.349 9776.253 11189.54 12690.51 14197.81 15552.85 16628.19 17374.89 17791.89 17860.76 17597.26 17031 16208.55 15224.33 14165.76 13120.6 12181.02 11463.08 11098.31 11097.25 11325.34 11599.44 11791.8 11834.22 11737.08 11645.47 11563.74 11493.81 11451.05 11480.23 11527.02 11590.76 11683.22 11829.49 12044.06 12328.44 12697.7 13151.26 13636.33 14099.85 14537.06 14950.35 15351.17 15743.4 16087.41 16352.7 16529.14 16677.54 16856.38 17091.47 17463.11 17864.37
