SpatialData/RES_GREENPER/resdens_kern400_sqkm_matchextent.asc
ncols         299
nrows         658
xllcorner     582840.57256934
yllcorner     4505984.7454546
cellsize      30
NODATA_value  -9999
[rows 279 to 309 of 658, columns 210 to 279 of 299]
12674.88 12617.24 12639.4 12715.04 12829.8 12966.91 13132.62 13319.33 13504 13676.01 13880.39 14039.84 14137.5 14159.04 14080.53 13873.9 13646.82 13448.25 13255.45 13027.03 12757.48 12449.91 12117.97 11776.63 11392.9 10880.69 10229.51 9445.715 8551.823 7623.214 6685.533 5752.861 4848.757 3967.705 3119.863 2325.362 1587.642 958.2178 502.6122 -9999 -9999 -9999 -9999 -9999 -9999 -9999 -9999 -9999 -9999 -9999 -9999 -9999 -9999 -9999 -9999 -9999 -9999 -9999 -9999 -9999 -9999 -9999 -9999 -9999 -9999 -9999 -9999 -9999 -9999 -9999
13600.71 13562.54 13580.65 13614.04 13674.93 13775.55 13902.36 14052.7 14194.04 14332.73 14504.02 14642.17 14712.57 14712.93 14613.98 14412.8 14244.98 14100.38 13931.39 13727.5 13486.01 13213.52 12915.53 12604.91 12209.28 11683.19 10998.58 10205.93 9400.392 8575.249 7717.049 6836.687 5953.12 5061.882 4165.648 3288.498 2437.744 1657.229 1008.495 -9999 -9999 -9999 -9999 -9999 -9999 -9999 -9999 -9999 -9999 -9999 -9999 -9999 -9999 -9999 -9999 -9999 -9999 -9999 -9999 -9999 -9999 -9999 -9999 -9999 -9999 -9999 -9999 -9999 -9999 -9999
14424.5 14420.73 14444.84 14463.92 14492.39 14542.15 14624.27 14720.15 14817.18 14932.2 15074.09 15178.05 15217.64 15190.47 15069.48 14908.52 14794.19 14672.2 14519.97 14333.09 14121.74 13891.38 13637.88 13323.38 12892.7 12330.81 11719.88 11084.86 10399.43 9664.183 8878.276 8049.569 7197.829 6312.476 5387.593 4449.546 3510.627 2608.139 1794.32 -9999 -9999 -9999 -9999 -9999 -9999 -9999 -9999 -9999 -9999 -9999 -9999 -9999 -9999 -9999 -9999 -9999 -9999 -9999 -9999 -9999 -9999 -9999 -9999 -9999 -9999 -9999 -9999 -9999 -9999 -9999
15097.77 15127 15160.59 15177.06 15210.27 15239.42 15272.09 15311.44 15363.98 15447.71 15558.54 15634.93 15647.82 15592.46 15449.35 15322.72 15237.84 15133.11 14999.95 14835.47 14656.52 14464.33 14229.86 13906.39 13434.08 12968.44 12524.71 12029.83 11457.73 10814.27 10098.86 9319.725 8500.743 7624.721 6685.478 5709.259 4706.79 3710.174 2757.266 -9999 -9999 -9999 -9999 -9999 -9999 -9999 -9999 -9999 -9999 -9999 -9999 -9999 -9999 -9999 -9999 -9999 -9999 -9999 -9999 -9999 -9999 -9999 -9999 -9999 -9999 -9999 -9999 -9999 -9999 -9999
15591.23 15645.42 15698.35 15728.09 15779.53 15815.05 15830.49 15827.35 15844.99 15885.09 15953.74 15999.67 15994.88 15915.73 15748.08 15630.21 15551.2 15462.41 15357.26 15229.15 15073.78 14893.27 14671.94 14330.68 13947.92 13648.05 13346.58 12974.45 12507.65 11950.44 11310.12 10592.29 9805.057 8938.635 7990.814 6989.54 5941.867 4873.214 3807.525 2811.656 -9999 -9999 -9999 -9999 -9999 -9999 -9999 -9999 -9999 -9999 -9999 -9999 -9999 -9999 -9999 -9999 -9999 -9999 -9999 -9999 -9999 -9999 -9999 -9999 -9999 -9999 -9999 -9999 -9999 -9999
15961.96 15986.47 16037.13 16102.54 16182.2 16234.13 16238.89 16232.41 16251.33 16258.07 16282.03 16289.97 16259.19 16152.15 15961.67 15832.59 15752.94 15676.92 15585.29 15471.61 15328.18 15167.06 14956.3 14654.23 14448.83 14303.3 14135.34 13880.68 13516.32 13045.41 12475.95 11817.55 11061.93 10208.42 9259.637 8244.84 7162.994 6025.379 4868.343 3763.055 -9999 -9999 -9999 -9999 -9999 -9999 -9999 -9999 -9999 -9999 -9999 -9999 -9999 -9999 -9999 -9999 -9999 -9999 -9999 -9999 -9999 -9999 -9999 -9999 -9999 -9999 -9999 -9999 -9999 -9999
16346.64 16283.71 16276.64 16297.98 16387.8 16458.62 16475.61 16486.4 16501.67 16502.98 16505.66 16493.5 16436.06 16295.88 16062.85 15904.84 15812.22 15738.97 15655.92 15557.88 15435.55 15296.99 15077.6 14929.22 14892.07 14888.55 14843.9 14701.78 14440.59 14061.41 13567.89 12956.83 12227.25 11384.13 10443.21 9429.745 8319.288 7121.366 5886.627 4695.123 -9999 -9999 -9999 -9999 -9999 -9999 -9999 -9999 -9999 -9999 -9999 -9999 -9999 -9999 -9999 -9999 -9999 -9999 -9999 -9999 -9999 -9999 -9999 -9999 -9999 -9999 -9999 -9999 -9999 -9999
16754.54 16593.54 16528.73 16483.14 16473.39 16505.92 16530.36 16564.78 16589.05 16599.29 16593.26 16566.48 16486.96 16322.01 16055.08 15864.68 15755.79 15678.97 15607.8 15537.53 15451.51 15328.63 15146.03 15135.53 15234.79 15351.41 15422.02 15391.06 15235.5 14954.32 14544.37 13981.33 13276.34 12440.72 11512.14 10497.61 9357.646 8113.625 6822.575 5565.06 -9999 -9999 -9999 -9999 -9999 -9999 -9999 -9999 -9999 -9999 -9999 -9999 -9999 -9999 -9999 -9999 -9999 -9999 -9999 -9999 -9999 -9999 -9999 -9999 -9999 -9999 -9999 -9999 -9999 -9999
17109.97 16870.96 16729.12 16624.25 16517.89 16471.8 16477.92 16488.97 16529.71 16548.41 16535.84 16511.16 16434.64 16261.72 15988.03 15766.09 15634.89 15549.07 15486.68 15444.54 15404.03 15275.82 15190.46 15287.78 15475.87 15672.04 15841.01 15920.2 15871.53 15692.82 15364.74 14856.34 14182.26 13366.96 12453.76 11415.35 10239.95 8961.379 7636.637 6338.017 -9999 -9999 -9999 -9999 -9999 -9999 -9999 -9999 -9999 -9999 -9999 -9999 -9999 -9999 -9999 -9999 -9999 -9999 -9999 -9999 -9999 -9999 -9999 -9999 -9999 -9999 -9999 -9999 -9999 -9999
17385.08 17090.18 16867.54 16701.19 16519.42 16382.32 16333.64 16319.13 16317.39 16339.83 16348.97 16346.74 16283.56 16123.2 15867.08 15628.05 15481.32 15399.29 15352.83 15335.28 15298.72 15155.34 15175.4 15375.77 15639.81 15897.46 16130.6 16296.3 16348.34 16275.66 16019.57 15568.33 14929.84 14146.48 13233.98 12165.84 10953.66 9645.298 8302.488 6988.527 -9999 -9999 -9999 -9999 -9999 -9999 -9999 -9999 -9999 -9999 -9999 -9999 -9999 -9999 -9999 -9999 -9999 -9999 -9999 -9999 -9999 -9999 -9999 -9999 -9999 -9999 -9999 -9999 -9999 -9999
17611.27 17304.79 17017.54 16777.87 16532.29 16320.58 16187.83 16132.56 16064.79 16032.94 16067.02 16077.34 16029.05 15903.1 15694.91 15456.71 15322.39 15257.87 15238.4 15222.3 15144.36 15000.16 15094.33 15371.23 15706.57 16032.37 16321.18 16550.47 16694.5 16695.55 16512.86 16123.89 15530.39 14765.38 13830.74 12727.78 11491.67 10166.54 8812.504 7499.912 -9999 -9999 -9999 -9999 -9999 -9999 -9999 -9999 -9999 -9999 -9999 -9999 -9999 -9999 -9999 -9999 -9999 -9999 -9999 -9999 -9999 -9999 -9999 -9999 -9999 -9999 -9999 -9999 -9999 -9999
17761.87 17448.97 17110.71 16817.57 16567.59 16342.41 16167.64 16067.57 15966.72 15876.39 15840.47 15842.2 15791.04 15674.32 15498.92 15280.05 15159.61 15125.72 15124.97 15093.98 14986 14847.92 14976.04 15286.2 15671.79 16060.08 16416.63 16720.81 16929.25 16993.7 16861.45 16511.07 15952.76 15198.72 14235.57 13099.04 11839.1 10508.83 9160.023 7866.777 -9999 -9999 -9999 -9999 -9999 -9999 -9999 -9999 -9999 -9999 -9999 -9999 -9999 -9999 -9999 -9999 -9999 -9999 -9999 -9999 -9999 -9999 -9999 -9999 -9999 -9999 -9999 -9999 -9999 -9999
17792.02 17460.5 17126.06 16884.81 16684.71 16459.23 16247.31 16106.55 15985.36 15854.89 15753.38 15694.42 15630.47 15536 15384.02 15184 15014.64 14975.04 14973.6 14942.65 14829.83 14700.73 14834.94 15153.34 15566.32 16008.42 16429.26 16795.75 17057.86 17151.47 17039.85 16713.76 16176.75 15410.15 14425.93 13270.09 11997.33 10668.7 9344.112 8083.341 -9999 -9999 -9999 -9999 -9999 -9999 -9999 -9999 -9999 -9999 -9999 -9999 -9999 -9999 -9999 -9999 -9999 -9999 -9999 -9999 -9999 -9999 -9999 -9999 -9999 -9999 -9999 -9999 -9999 -9999
17695.75 17417.14 17144 16960.28 16804.86 16592.75 16370.31 16200.21 16070.55 15917.89 15759.21 15641.51 15568.88 15471.96 15339.48 15165.99 14958.68 14828.84 14796.75 14763.01 14656.57 14531.92 14662.38 14987.35 15426.4 15902.27 16355.16 16753.75 17028.13 17129.96 17036.65 16725.89 16178.39 15392.55 14394.66 13233.35 11970.52 10667.04 9383.802 8115.292 -9999 -9999 -9999 -9999 -9999 -9999 -9999 -9999 -9999 -9999 -9999 -9999 -9999 -9999 -9999 -9999 -9999 -9999 -9999 -9999 -9999 -9999 -9999 -9999 -9999 -9999 -9999 -9999 -9999 -9999
17568.42 17346.54 17145.91 17015.56 16880.41 16675.51 16448.88 16262.29 16134.26 15971.25 15775.23 15607.71 15522.06 15425.11 15335.18 15201.2 15009.02 14783.21 14647.38 14586.81 14501.87 14378.01 14490.4 14807.18 15245.09 15731.86 16200.35 16588.71 16846.24 16941.36 16842.02 16524.1 15965.1 15164.8 14163.31 13008.59 11773.23 10520.34 9271.885 7960.18 -9999 -9999 -9999 -9999 -9999 -9999 -9999 -9999 -9999 -9999 -9999 -9999 -9999 -9999 -9999 -9999 -9999 -9999 -9999 -9999 -9999 -9999 -9999 -9999 -9999 -9999 -9999 -9999 -9999 -9999
17431.55 17242.42 17081.36 16997.5 16896.06 16709.37 16491.7 16292.95 16150.32 15967.41 15748.73 15604.78 15569.2 15549.74 15524.39 15469.41 15316.53 15080.1 14802.87 14583.01 14430.07 14262.1 14330.57 14617.7 15029.33 15500.09 15951.18 16302.82 16524.46 16588.91 16454.21 16114.55 15540.58 14742.41 13757.65 12632.27 11441.14 10240.3 8963.127 7624.905 -9999 -9999 -9999 -9999 -9999 -9999 -9999 -9999 -9999 -9999 -9999 -9999 -9999 -9999 -9999 -9999 -9999 -9999 -9999 -9999 -9999 -9999 -9999 -9999 -9999 -9999 -9999 -9999 -9999 -9999
17267.09 17117.59 16993.95 16939.59 16842.96 16674.84 16477.84 16281.19 16120.61 15960.18 15847.39 15802.07 15832.56 15902.13 15934.42 15933.85 15837.22 15627.64 15319 14971.22 14668.21 14389.87 14262.68 14441.85 14799.8 15218.77 15610.63 15901.13 16060.43 16072.26 15898.63 15530.12 14940.91 14154.25 13203.09 12137.08 11001.03 9769.178 8465.063 7118.734 -9999 -9999 -9999 -9999 -9999 -9999 -9999 -9999 -9999 -9999 -9999 -9999 -9999 -9999 -9999 -9999 -9999 -9999 -9999 -9999 -9999 -9999 -9999 -9999 -9999 -9999 -9999 -9999 -9999 -9999
17085.75 16971.91 16905.05 16881.73 16774.12 16595.9 16399.9 16225.43 16180.32 16149.15 16134.37 16156.23 16251.61 16390.77 16462.71 16494.96 16466.33 16295.09 16016.42 15662.82 15245.87 14856.26 14505.16 14417.01 14575.87 14898.75 15203.51 15409.56 15493.91 15435.82 15211.3 14810.36 14217.71 13454.08 12551.97 11524.72 10369.35 9114.698 7797.291 6459.184 -9999 -9999 -9999 -9999 -9999 -9999 -9999 -9999 -9999 -9999 -9999 -9999 -9999 -9999 -9999 -9999 -9999 -9999 -9999 -9999 -9999 -9999 -9999 -9999 -9999 -9999 -9999 -9999 -9999 -9999
16924.62 16854.71 16828.43 16807.69 16694.66 16493.82 16302.06 16282.28 16380.88 16465.99 16533.66 16613.18 16756.31 16930.37 17034.05 17097.62 17115.63 16995.2 16758.84 16418.99 16006.29 15541.31 15016.42 14631.75 14493.05 14565.61 14762.34 14876.96 14880.59 14746.28 14461 14024.79 13435.27 12686.66 11768.95 10712.67 9547.923 8293.98 6987.288 5675.805 -9999 -9999 -9999 -9999 -9999 -9999 -9999 -9999 -9999 -9999 -9999 -9999 -9999 -9999 -9999 -9999 -9999 -9999 -9999 -9999 -9999 -9999 -9999 -9999 -9999 -9999 -9999 -9999 -9999 -9999
16824.72 16794.71 16805.88 16740.88 16595.32 16386.77 16319 16457.49 16672.25 16854.68 17001.93 17140.31 17319.35 17517.18 17636.62 17703.48 17739.34 17663.44 17464.79 17143.77 16719.76 16215.35 15656.89 15044.61 14619.48 14387.65 14337.95 14356.18 14277.56 14070.22 13715.57 13216.01 12566.08 11755.08 10797.86 9727.722 8568.694 7337.001 6067.089 4805.663 -9999 -9999 -9999 -9999 -9999 -9999 -9999 -9999 -9999 -9999 -9999 -9999 -9999 -9999 -9999 -9999 -9999 -9999 -9999 -9999 -9999 -9999 -9999 -9999 -9999 -9999 -9999 -9999 -9999 -9999
16776.43 16783.71 16807.83 16709.5 16521.9 16392.99 16480.44 16752.32 17052.86 17307.02 17512.9 17700.75 17909.13 18117.46 18239.52 18287.05 18307.4 18249.54 18055.24 17725.73 17276.27 16740.16 16154.95 15460.61 14780.03 14280.9 13954.84 13799.85 13621.04 13312.66 12856.97 12272.54 11541.9 10673.36 9687.117 8615.945 7477.699 6288.709 5078.099 3895.746 -9999 -9999 -9999 -9999 -9999 -9999 -9999 -9999 -9999 -9999 -9999 -9999 -9999 -9999 -9999 -9999 -9999 -9999 -9999 -9999 -9999 -9999 -9999 -9999 -9999 -9999 -9999 -9999 -9999 -9999
16776.12 16807.89 16784.5 16662.67 16490.38 16505.35 16739.69 17104.31 17463.13 17770.79 18029.27 18263.71 18507.8 18702.1 18792.05 18801.93 18796.65 18717.04 18489.84 18122.73 17634.35 17059.41 16453.73 15751.79 14918.24 14149.29 13554.55 13133.32 12832.05 12418.83 11875.35 11214.33 10415.46 9499.731 8496.938 7435.782 6332.614 5205.692 4076.949 3003.39 -9999 -9999 -9999 -9999 -9999 -9999 -9999 -9999 -9999 -9999 -9999 -9999 -9999 -9999 -9999 -9999 -9999 -9999 -9999 -9999 -9999 -9999 -9999 -9999 -9999 -9999 -9999 -9999 -9999 -9999
16774.19 16786.55 16725.15 16578.99 16511.75 16664.66 17025.48 17451.12 17856.23 18211.7 18518.27 18790.76 19056.2 19220.04 19259.88 19212.38 19159.2 19028.2 18745.8 18325.67 17787.06 17171.17 16535.42 15820.91 14967.76 14026.11 13162.88 12473.23 11973.68 11456.1 10830.85 10099.87 9248.674 8303.024 7297.283 6257.5 5205.229 4154.141 3133.94 2197.548 -9999 -9999 -9999 -9999 -9999 -9999 -9999 -9999 -9999 -9999 -9999 -9999 -9999 -9999 -9999 -9999 -9999 -9999 -9999 -9999 -9999 -9999 -9999 -9999 -9999 -9999 -9999 -9999 -9999 -9999
16673.7 16671.87 16604.43 16486.51 16549.61 16832.24 17264.99 17745.95 18200.49 18597.41 18936.85 19234.53 19494.48 19617.1 19603.5 19498.02 19369.09 19156.77 18802.88 18323.91 17737.35 17078.7 16402.44 15667.18 14797.84 13836.03 12829.75 11879.63 11132.86 10507.33 9801.938 9009.048 8121.02 7162.673 6165.927 5163.492 4175.399 3217.541 2331.854 -9999 -9999 -9999 -9999 -9999 -9999 -9999 -9999 -9999 -9999 -9999 -9999 -9999 -9999 -9999 -9999 -9999 -9999 -9999 -9999 -9999 -9999 -9999 -9999 -9999 -9999 -9999 -9999 -9999 -9999 -9999
16473.47 16463.61 16408.53 16366.3 16550.97 16942.26 17410.15 17930.56 18430.61 18864.09 19233.5 19561.17 19782.46 19852.38 19782.18 19619.23 19413.01 19103.88 18669.12 18124.44 17489.63 16788.24 16074.47 15303.47 14413.09 13435.47 12404.37 11375.34 10435.08 9673.057 8889.796 8041.505 7128.036 6167.585 5194.981 4244.092 3332.931 2492.646 1764.234 -9999 -9999 -9999 -9999 -9999 -9999 -9999 -9999 -9999 -9999 -9999 -9999 -9999 -9999 -9999 -9999 -9999 -9999 -9999 -9999 -9999 -9999 -9999 -9999 -9999 -9999 -9999 -9999 -9999 -9999 -9999
16146.72 16153.15 16125.35 16176.08 16470.17 16903.54 17409.25 17956.09 18486.62 18956.74 19367.74 19705.66 19887.98 19912.48 19786.38 19558.86 19269.62 18859.38 18343.52 17735.18 17049.05 16307.63 15556.4 14743.86 13827.39 12830.13 11781.14 10735.94 9783.581 9007.14 8201.05 7310.654 6375.297 5423.102 4486.485 3599.664 2785.706 2084.959 -9999 -9999 -9999 -9999 -9999 -9999 -9999 -9999 -9999 -9999 -9999 -9999 -9999 -9999 -9999 -9999 -9999 -9999 -9999 -9999 -9999 -9999 -9999 -9999 -9999 -9999 -9999 -9999 -9999 -9999 -9999 -9999
15771.76 15810.25 15815.45 15920.35 16231.18 16689.15 17238.95 17817.29 18383.87 18886.63 19325.49 19624.49 19764.97 19752.6 19588.81 19316.35 18933.05 18420.62 17817.71 17142.09 16406.88 15637.83 14861.93 14006.57 13059.6 12039.82 10979.8 9939.385 9007.247 8273.762 7532.1 6707.305 5823.597 4918.184 4036.166 3205.641 2458.96 1822.465 -9999 -9999 -9999 -9999 -9999 -9999 -9999 -9999 -9999 -9999 -9999 -9999 -9999 -9999 -9999 -9999 -9999 -9999 -9999 -9999 -9999 -9999 -9999 -9999 -9999 -9999 -9999 -9999 -9999 -9999 -9999 -9999
15592.59 15676.97 15683.12 15745.98 16010.41 16416.39 16938.41 17534.73 18141.86 18682.55 19092.54 19335.51 19422.33 19363.69 19165.05 18855.8 18386.7 17779.71 17085.73 16342.46 15568.76 14787.15 13998.15 13111.28 12133.84 11094.62 10033.51 9018.928 8134.173 7456.305 6781.25 6022.068 5204.092 4366.884 3550.21 2785.293 2109.97 -9999 -9999 -9999 -9999 -9999 -9999 -9999 -9999 -9999 -9999 -9999 -9999 -9999 -9999 -9999 -9999 -9999 -9999 -9999 -9999 -9999 -9999 -9999 -9999 -9999 -9999 -9999 -9999 -9999 -9999 -9999 -9999 -9999
15572.15 15660.74 15643.16 15656.18 15871.2 16230.72 16695.48 17229.11 17791.76 18307.24 18668.37 18859.44 18893.66 18786.56 18544.74 18168.55 17614.36 16926.04 16162.25 15361.29 14554.45 13773.76 12962.45 12059.45 11065.4 10020.14 8978.095 8011.847 7194.185 6585.747 5974.087 5280.38 4534.114 3774.739 3032.129 2348.18 -9999 -9999 -9999 -9999 -9999 -9999 -9999 -9999 -9999 -9999 -9999 -9999 -9999 -9999 -9999 -9999 -9999 -9999 -9999 -9999 -9999 -9999 -9999 -9999 -9999 -9999 -9999 -9999 -9999 -9999 -9999 -9999 -9999 -9999
15572.26 15666.01 15657.58 15624.44 15781.78 16088.3 16508.88 16992.56 17427.72 17775.04 18059.38 18202.28 18190.31 18062.1 17810.65 17357.97 16712.22 15931.55 15087 14232.47 13416.44 12632.89 11786.91 10864.58 9869.187 8846.271 7854.842 6955.609 6219.064 5692.736 5140.886 4515.293 3848.537 3168.633 2511.341 -9999 -9999 -9999 -9999 -9999 -9999 -9999 -9999 -9999 -9999 -9999 -9999 -9999 -9999 -9999 -9999 -9999 -9999 -9999 -9999 -9999 -9999 -9999 -9999 -9999 -9999 -9999 -9999 -9999 -9999 -9999 -9999 -9999 -9999 -9999
15575.86 15685.54 15693.37 15644.33 15783.11 16077.81 16460.4 16833.56 17110.28 17275.54 17373.3 17497.04 17546.62 17482.82 17225.03 16722.61 16002.48 15129.74 14177.86 13220.34 12308.82 11407.75 10498.73 9566.258 8589.299 7616.104 6692.563 5877.761 5248.369 4808.637 4317.356 3764.811 3175.648 2577.563 -9999 -9999 -9999 -9999 -9999 -9999 -9999 -9999 -9999 -9999 -9999 -9999 -9999 -9999 -9999 -9999 -9999 -9999 -9999 -9999 -9999 -9999 -9999 -9999 -9999 -9999 -9999 -9999 -9999 -9999 -9999 -9999 -9999 -9999 -9999 -9999
