SpatialData/ALLSOCIAL/hfd_merge_kern400.asc
ncols         299
nrows         658
xllcorner     582840.57256934
yllcorner     4505984.7454546
cellsize      30
NODATA_value  -9999
[rows 465 to 495 of 658, columns 70 to 139 of 299]
657.6039 704.1459 744.2327 777.4247 803.2769 823.0362 837.5175 846.9645 852.7695 857.4038 862.6652 864.6965 864.5031 863.2094 861.0697 858.1876 854.0234 848.7764 841.6094 834.2903 828.7584 821.5916 811.0868 798.6711 785.3507 770.6292 757.8024 746.275 734.9022 724.3142 714.7866 707.0992 700.5433 694.8858 692.4006 692.5597 694.6753 698.9025 704.6764 710.8978 717.3026 726.2524 737.8531 753.2292 772.5662 795.1354 819.5405 844.5534 868.9852 889.6672 903.7393 910.7988 910.8455 903.5557 889.7575 869.2432 842.0504 809.1013 772.5214 733.8239 693.3898 647.7869 595.4972 538.3936 479.3928 421.2214 366.5167 316.8863 273.1703 235.3562
718.0865 767.3907 809.7599 843.394 868.5446 885.8582 894.7612 897.5657 895.8835 891.8977 888.2118 887.0818 884.7436 880.7917 875.0287 868.2294 860.8286 852.2714 844.961 838.4736 834.123 829.6152 822.0372 811.9717 800.3567 788.0335 776.664 765.0883 753.0814 741.2488 729.1115 718.3925 708.4294 700.1552 695.985 694.8752 694.8994 697.8578 703.848 711.6392 719.9794 728.0404 738.1677 752.0253 770.6012 792.3422 816.004 840.0223 862.7315 881.2323 893.139 898.8964 897.8573 889.8818 875.7988 855.6007 829.6306 798.6337 763.9328 727.1897 685.9165 637.4463 583.1339 524.6753 465.0285 406.6439 351.4976 300.7574 255.9767 216.8418
781.4321 833.8306 877.9351 911.6984 935.5358 949.8837 954.389 951.4203 943.2122 931.0859 917.7386 907.4996 902.7144 896.1333 886.8172 875.6653 863.6569 852.1896 843.6516 838.473 835.4413 833.54 828.6138 820.9739 811.6733 802.1423 791.9882 780.2448 767.718 754.881 741.9451 729.2922 715.7111 703.9044 696.5151 692.7501 691.5459 693.4819 698.7488 707.1497 717.2148 726.8644 736.586 748.9274 765.7533 785.9925 808.0023 830.4092 851.0372 866.7852 876.7919 881.4239 880.1522 872.1268 857.8926 837.606 812.5005 783.7205 751.7142 715.4102 671.9767 621.606 565.9064 507.3236 448.2139 390.9813 336.1591 285.1724 239.8634 200.3252
844.181 898.974 943.819 977.2196 998.9528 1009.895 1010.654 1002.704 988.6816 970.1219 948.978 929.7645 917.2532 907.4116 894.4868 878.7612 862.3688 848.4722 838.1543 833.5903 832.3314 833.0903 831.2441 826.2 819.1263 811.465 802.4819 790.9509 777.5103 763.5713 749.2254 734.3258 718.3801 703.1473 691.0637 683.932 681.5674 682.6414 687.5543 696.019 707.0537 718.9106 731.2823 743.6174 758.6089 776.7686 796.4112 816.2223 834.3668 847.7753 856.1254 859.9058 858.4293 851.0118 837.3561 817.8922 793.9962 766.268 733.7285 696.4147 651.5224 600.4985 544.4166 486.1257 428.5416 373.1698 319.552 269.3254 223.9589 184.7949
903.3638 960.6591 1005.892 1037.928 1057.259 1064.417 1061.031 1048.38 1028.885 1004.717 977.5395 951.5154 929.8082 914.5805 898.348 878.4899 858.5746 842.3049 830.8022 826.139 826.4236 829.0767 830.0956 827.7869 823.2716 816.6926 807.3136 794.5811 780.3704 765.3771 749.2153 731.9355 712.7942 693.8333 677.6378 667.5884 663.6093 664.1693 668.7458 677.1614 688.8449 703.0263 718.3975 733.342 748.5698 764.8534 782.2712 799.3979 814.3533 825.3476 832.4764 836.0218 834.6535 827.2747 814.1523 795.599 771.5938 742.0519 708.0851 669.915 624.4068 573.4636 518.7941 462.2045 406.8549 353.1515 301.3682 252.356 207.6672 169.7437
956.1224 1015.63 1061.256 1092.107 1108.858 1112.412 1104.431 1087.642 1063.36 1033.714 1000.965 968.3735 938.9526 916.7531 898.2873 876.3934 854.5154 836.6953 824.9175 819.7066 820.9824 824.5748 826.7236 825.8132 822.5898 816.2936 806.0714 791.9772 775.701 758.5893 740.7813 721.2715 699.3209 676.4544 656.4641 643.3235 637.3749 637.1644 641.6949 650.1995 662.6782 679.5928 697.8806 715.0728 731.827 748.2606 764.7894 780.0362 792.275 801.3987 807.6135 810.5226 808.7886 801.1428 787.2574 767.1707 741.581 710.6091 675.9074 636.4207 591.1354 541.2129 488.7795 435.2643 382.2577 330.6196 280.7818 233.7461 191.0699 155.3611
1000.482 1061.575 1107.811 1137.981 1152.434 1152.352 1140.631 1119.493 1090.247 1055.296 1017.463 979.3708 944.2717 916.1729 895.3362 873.0155 851.4291 834.1309 823.267 818.2745 820.1701 824.2057 826.6752 825.4316 820.5721 811.549 799.432 784.2184 765.899 746.1547 725.3531 703.0968 678.8087 652.9421 629.8723 612.3326 603.5607 601.9651 605.8878 614.7979 629.3312 648.681 669.3994 688.6733 706.8258 723.986 739.6076 753.4447 764.4168 772.7878 778.6151 780.7834 777.7894 768.8039 753.6265 732.3173 705.6504 674.2728 638.9948 598.4374 553.671 505.4689 455.552 405.1063 354.8459 305.8723 258.5615 213.8566 174.0746 141.6062
1034.138 1096.392 1143.219 1172.432 1185.099 1182.601 1167.663 1142.262 1108.409 1068.687 1026.902 984.7446 945.6489 913.0197 889.6119 868.386 849.8743 835.8391 827.7159 824.6547 826.9073 830.9539 833.043 830.5572 823.0137 810.6561 794.8561 775.026 752.8307 730.192 705.8795 679.8367 652.4283 624.4135 598.3413 577.134 564.3912 560.5242 563.1155 572.224 588.8543 610.3165 633.2701 655.2064 674.5646 692.3723 708.1727 720.7191 731.2615 739.7199 745.3203 746.5476 741.7106 731.074 714.6082 692.3867 665.5778 634.611 598.5419 557.9315 513.9998 468.0522 421.0405 373.185 324.9929 278.667 234.5538 193.1959 157.4921 128.2452
1055.675 1118.325 1165.014 1193.561 1204.929 1200.623 1182.724 1154.101 1117.264 1074.41 1029.516 984.7112 943.1495 907.5287 882.9829 865.5741 851.5043 841.8091 837.4617 837.4238 841.3183 845.7404 847.1943 842.3443 831.4146 815.3464 795.3914 770.0626 741.4546 712.5944 683.7976 653.9771 623.1162 592.4025 563.2568 538.8311 522.7196 515.6427 516.5547 525.6081 543.0038 566.0461 590.5842 614.552 635.7717 654.0906 670.1135 683.2573 694.2011 703.1218 708.2397 708.1759 702.1445 690.2832 672.45 649.9637 623.6415 592.2598 555.8008 515.8746 473.4013 429.7975 385.6682 339.813 293.8166 250.0844 209.4636 172.5673 141.3213 114.6107
1064.804 1126.781 1172.766 1200.752 1211.062 1205.13 1185.128 1154.506 1115.532 1071.106 1024.623 978.6125 935.956 900.2822 876.8615 864.0596 855.3959 851.1392 851.4082 855.0577 861.6047 867.3209 867.3488 859.7285 845.1243 824.7106 799.6743 769.2644 734.6437 698.0637 661.7886 627.0812 592.9295 559.0922 527.7866 500.7374 481.9741 471.7464 470.5984 478.4704 495.3926 518.6821 543.8127 568.646 591.2751 609.9286 626.4553 641.4349 653.9174 663.6244 668.8657 667.5358 660.3035 647.3358 629.2807 607.1395 580.3209 547.9856 511.7219 472.9283 432.8249 392.0157 349.8253 306.0575 262.8686 221.9465 185.1396 152.9378 125.1533 100.5988
1060.701 1121.166 1165.974 1192.931 1202.117 1195.387 1175.083 1143.528 1103.652 1058.536 1011.549 965.0504 923.5176 890.3757 870.9596 863.6026 860.9462 862.8005 868.5301 875.379 884.313 891.0611 889.9855 879.8387 861.7313 837.3298 807.5462 771.6732 731.5815 688.485 644.7782 602.6257 563.4395 526.5555 493.4085 465.3437 444.1831 431.246 428.2581 434.2456 449.6281 471.7543 496.1585 520.7442 543.5371 562.596 580.5515 597.1184 611.2814 622.0328 627.7059 626.4056 618.4152 604.8549 587.0455 564.6473 536.6371 503.9691 468.1517 430.6929 393.058 354.8466 314.7291 273.9596 233.5596 195.7727 162.6022 134.0802 108.7904 86.11971
1045.382 1103.136 1145.876 1171.402 1179.496 1172.425 1152.689 1121.717 1082.416 1037.791 990.7165 945.3766 906.6358 877.3796 864.5758 863.3132 866.4883 874.0622 884.8224 895.5515 906.8502 913.6343 911.198 899.8036 879.8915 852.6909 818.5438 777.3116 732.1215 684.1804 634.9592 586.3706 540.3713 499.4339 463.7974 434.3498 411.2274 395.5887 390.3263 394.9897 408.284 428.3422 451.5182 475.1078 497.4223 517.5118 536.2929 553.8772 569.1305 580.088 585.4961 584.4352 576.9874 563.918 545.5634 522.0081 493.0703 460.2443 425.4064 390.1125 354.9412 319.1768 281.5842 243.6977 206.5932 172.3196 142.512 115.795 92.21037 71.34768
1019.97 1073.967 1113.978 1137.885 1145.413 1138.757 1119.25 1088.981 1051.304 1008.37 962.8844 920.5524 885.5804 862.4398 856.8239 861.2972 870.158 882.363 897.2606 912.4296 926.6302 933.353 929.8826 917.1288 895.9686 867.5641 831.072 786.7357 737.5526 686.0355 632.5624 578.8614 527.143 481.0533 442.5255 410.7445 385.1728 367.5742 359.8187 362.1933 373.6105 391.7892 413.2508 435.0415 456.1011 477.0529 496.6887 514.4536 530.085 540.9926 545.837 544.1501 536.3378 523.0626 504.4859 480.2943 451.0321 418.6172 385.1987 352.2827 319.6665 286.0486 251.0518 216.1213 182.5509 151.7569 123.8534 98.55489 76.27229 57.04612
986.1345 1036.288 1073.054 1094.717 1101.344 1094.716 1075.651 1046.367 1010.204 969.873 928.0661 890.1315 860.9986 845.8014 847.6875 856.7178 870.3689 887.7112 906.7808 925.8967 941.9188 948.5877 944.9709 931.3196 909.4238 880.3001 843.1871 797.8323 746.875 692.6987 635.9752 578.1008 522.2606 471.7202 429.8103 395.452 367.9001 348.8898 339.8335 340.4613 349.2097 364.4284 383.3974 402.8361 422.3226 443.1598 463.1731 481.1322 495.7666 505.3107 508.8871 506.4955 497.7863 483.8123 464.9748 440.7357 411.8692 380.5148 348.8496 317.9739 287.3334 255.6687 223.1432 191.2915 161.1502 132.853 106.6349 82.701 61.55382 43.82151
942.5572 990.1578 1024.312 1043.6 1048.886 1041.747 1022.948 995.0809 961.2886 924.2839 887.3868 855.2179 833.5934 827.0586 835.8395 849.1935 867.09 888.885 911.987 934.9609 951.5125 958.2013 954.4855 941.0702 920.5164 891.9265 854.8624 809.6062 758.0009 702.4579 643.8073 583.326 524.4819 470.2731 424.6294 388.2122 360.0842 340.7985 330.529 329.6433 336.3181 348.1343 363.2184 379.9642 397.6341 416.7401 435.1805 452.0261 465.3892 473.1166 474.785 470.907 461.5665 447.012 427.0322 402.5801 374.7387 345.0198 315.3991 286.6686 257.6018 227.9532 198.0216 169.0043 141.3663 115.3262 90.86064 68.16012 48.39982 32.47778
889.549 934.3286 965.7675 983.3331 988.3682 981.4911 963.5154 937.5785 906.6309 873.0798 841.5707 816.6448 803.0947 805.3763 819.4926 837.8456 860.5261 885.9969 912.8126 937.9997 955.0583 962.0281 958.5532 946.4988 927.4175 900.0343 864.2359 820.3331 769.3457 713.3 653.8121 591.9861 531.264 475.2925 426.4959 388.1913 360.5114 341.6144 330.9932 328.8315 332.709 340.7554 351.8446 365.5232 381.0285 397.7198 413.478 427.3102 437.9982 444.1403 444.3151 438.8445 428.4845 412.8878 392.2722 367.7634 340.877 313.0764 285.8023 258.7282 231.1553 203.1492 175.3579 148.8196 123.8579 99.92038 76.84233 55.5547 37.52591 23.64688
829.4294 870.4097 899.1074 914.6639 919.1713 913.0476 897.0064 874.0834 846.7323 817.3372 791.3656 774.3357 770.5075 781.7787 800.0582 823.7308 851.5132 881.0612 910.4376 934.6044 951.3135 958.679 956.7418 947.1866 929.605 903.5453 869.0663 827.108 777.92 722.4544 663.399 602.0524 541.4308 484.5368 434.5111 396.1129 368.6604 350.1453 339.6547 336.1131 336.9604 341.1447 347.8899 357.4572 370.0856 384.05 397.0798 407.1486 413.8319 416.9526 415.8362 409.373 397.498 380.8885 360.015 336.1605 310.8086 285.1181 259.3225 232.8903 206.3868 180.3285 155.1634 131.5948 109.0934 86.82778 65.22034 45.54486 29.30626 17.17382
765.2067 801.6967 827.3938 841.5154 845.222 839.5088 825.3898 806.37 782.5573 758.1503 739.0972 730.8582 737.6491 755.9218 779.4644 808.7585 841.3502 873.924 903.0878 925.8256 941.3926 948.8716 948.8137 941.3238 926.1097 901.7468 869.0276 828.7971 781.741 728.8331 671.9724 612.6152 553.3134 496.9198 448.0958 410.911 384.5504 366.168 355.1202 349.8348 347.6602 347.6281 349.9895 355.4572 363.9225 374.4432 384.3231 391.1326 394.0732 393.5125 389.5089 381.6523 368.6757 351.2024 330.4355 307.3891 283.5789 259.6592 234.7122 208.7634 183.4801 159.5816 137.3064 116.688 96.10285 75.40304 55.4743 37.74494 23.23866 12.9424
700.0342 732.4243 754.4769 767.235 771.1265 766.1133 754.7136 738.7985 718.5755 699.5677 688.9538 691.7279 708.02 730.6611 760.1582 794.417 829.7335 862.8923 890.3188 911.4866 926.4264 934.3479 935.4895 930.0174 916.9083 894.7575 864.3469 826.1328 781.5652 732.2246 679.0117 622.4382 565.3364 511.6024 465.7472 430.8042 405.7155 387.8899 376.0816 368.729 363.3544 359.437 357.7474 359.0431 363.4227 369.7039 375.7974 379.1458 378.8514 374.9219 367.5861 357.5542 343.6013 325.6047 304.6354 281.9844 258.7918 235.931 211.991 187.4138 163.6073 141.9457 122.3987 103.922 84.9843 66.00816 48.04021 32.03813 19.12511 10.51762
636.1353 665.6841 686.0431 697.8021 702.0185 699.6053 691.0447 677.6272 661.7169 649.1786 648.1608 662.1013 684.0316 711.6725 744.1847 780.1497 816.2064 847.9026 874.0633 893.7599 907.0576 915.0137 917.8906 914.4901 903.219 883.254 854.8748 819.0175 777.2465 732.1196 683.1501 630.2231 576.3783 527.0214 485.5605 454.1075 430.6923 412.8645 399.9792 390.2294 381.3132 374.234 369.0556 366.7391 367.1161 368.8085 370.8951 370.5568 367.0554 360.337 350.7335 338.1964 322.8657 304.0793 282.6989 260.0842 237.1498 214.0762 191.3018 168.4551 146.6242 127.0341 109.7887 92.86259 75.47026 58.17353 41.83389 27.5023 16.34198 9.184485
579.289 605.1597 624.2879 636.3896 642.7394 643.652 638.5937 629.1132 618.8228 614.5679 622.8686 640.5867 665.459 695.6597 729.4427 765.7211 800.6194 830.3162 854.5624 872.3279 884.7371 893.1058 897.2231 895.2748 885.8475 867.7335 841.4877 808.138 769.884 728.7306 683.8263 635.0914 586.2166 542.1019 505.559 477.866 456.4533 439.2321 425.3192 412.903 401.0553 390.8533 382.3871 376.2381 372.2598 369.951 368.161 364.7265 358.4378 349.1827 337.1453 322.4737 305.7545 286.6384 265.4185 242.7883 219.6654 196.5083 174.3548 152.8579 132.9445 115.1909 98.9087 82.81373 66.78618 51.1223 36.50922 23.87099 14.21628 8.48178
536.1671 557.7622 574.6108 587.1138 594.8206 598.5425 597.58 593.545 591.2104 594.8641 605.7108 624.4117 649.5826 679.5528 713.0074 748.7488 781.8028 809.3612 831.194 846.9492 859.125 868.5759 873.5411 872.6742 864.4218 847.7745 824.0553 794.1597 759.9722 722.7174 681.5032 637.1251 594.3267 556.3284 525.1583 500.9977 481.5768 465.5296 450.7986 435.7944 421.6572 408.5557 396.8211 387.0491 378.9464 372.4489 366.654 360.0618 351.4474 339.8851 325.6187 309.4056 291.7412 272.6536 251.4342 228.6216 205.3933 182.4739 161.0069 141.0762 122.9597 106.524 90.08464 74.09151 58.93446 44.65014 31.60546 20.62851 12.73046 8.494585
508.3086 527.0789 542.4221 554.7779 563.4806 569.0891 572.5457 574.8506 577.7297 582.4216 592.5313 609.7773 632.9204 660.7838 692.8961 727.425 759.1092 785.2209 804.7424 819.0345 830.9786 840.8813 847.0102 847.1014 839.7744 825.0209 804.1947 777.8269 747.6333 714.1118 676.9977 638.1376 601.1736 569.3052 543.7819 523.2876 505.8767 490.3206 474.1315 457.4101 441.4226 426.1412 411.9577 399.2664 387.6306 377.4748 367.7586 357.6569 346.4245 333.1728 317.5634 300.0799 280.9768 260.8339 239.2642 216.4089 193.2055 170.8365 150.2567 131.7537 114.9113 98.77552 82.29124 66.32562 51.62085 38.45508 27.10466 18.03215 12.02633 -9999
494.7776 511.3708 525.8992 539.0049 549.4876 557.1519 561.7792 564.9669 568.7789 573.0464 580.6228 594.5056 614.5367 640.4993 671.5044 703.4138 732.7106 757.0233 775.1534 789.745 801.7014 811.1995 817.2777 818.1876 812.4457 800.2125 782.0402 758.9805 732.9911 703.4928 670.7565 638.0515 607.6055 581.4286 560.5776 543.0305 527.1517 510.7376 492.7786 475.281 458.6408 442.5087 427.2519 412.2736 397.6919 383.8884 370.8918 357.6458 343.9088 328.8065 311.8895 293.2492 272.9139 251.6739 229.3257 205.9951 182.9827 161.5076 142.1061 124.7477 108.3278 91.70169 75.20179 59.46031 45.37399 33.26735 23.3677 16.10002 11.87005 -9999
493.8254 508.3986 521.1627 533.2657 542.6505 549.0029 552.8894 556.5297 560.4365 564.6754 570.2534 580.8616 597.7076 621.5501 650.071 678.4183 704.1602 725.8157 743.0501 757.7616 770.1064 779.2006 784.5805 786.0194 782.2611 772.5706 757.3362 738.0667 716.2011 690.6832 663.4797 637.4091 613.0218 592.3148 575.164 559.6084 543.9974 525.8781 506.5793 488.7602 472.1623 455.6884 439.8521 423.5333 406.8962 389.8409 373.5087 358.0986 342.4648 325.5353 307.2014 287.6548 266.4465 244.3359 221.3559 197.5823 174.6016 154.0036 135.8838 119.4924 102.8927 85.84995 69.28019 53.86739 40.53166 29.47924 20.78165 14.96349 -9999 -9999
493.205 506.2457 517.7243 528.7324 537.4987 543.2095 546.8085 550.4467 554.1922 558.0349 562.3051 569.8093 583.8616 604.39 628.6882 653.1084 675.1653 693.766 710.269 724.5612 736.1399 744.219 749.4066 751.6783 750.0823 743.1562 731.4832 716.3496 698.7289 678.1647 657.0352 636.569 617.4461 601.5135 587.0984 572.498 555.9183 536.0796 515.7968 497.4781 480.74 464.3573 447.9875 430.9106 412.7354 393.6143 375.1453 358.2444 340.7752 322.0844 302.3617 281.8538 260.0084 237.5354 214.5736 191.0332 168.607 148.7542 131.607 115.606 98.64541 81.38227 64.94205 49.98021 37.10519 26.99312 19.46173 -9999 -9999 -9999
491.939 504.4042 515.7096 526.0085 534.1548 539.657 544.0753 548.2917 552.172 555.4817 558.489 563.0155 573.9298 589.9773 608.9083 628.8822 647.2278 663.5823 678.9817 692.2905 702.4888 709.3872 713.5179 716.4174 717.023 713.9738 706.8606 696.1451 682.5791 667.4896 651.9811 636.7515 622.5588 609.8027 596.5564 581.4567 562.9387 541.9105 521.0078 501.654 484.0421 467.7081 451.2458 433.8436 414.6187 394.7299 375.6006 357.186 338.3529 318.3051 297.4078 275.8385 253.6061 231.2711 208.7564 186.0326 164.6615 145.6715 129.0696 112.8059 95.50558 78.07253 61.79042 47.36508 35.15528 25.84314 -9999 -9999 -9999 -9999
491.7473 504.0132 515.4976 525.5541 533.2762 539.1862 544.8617 550.0947 554.4607 557.7738 560.0441 563.2491 569.3907 579.788 592.8262 607.383 622.2143 636.3594 650.2584 662.1557 670.7914 676.6711 680.4039 683.4209 686.3309 687.5165 684.8554 678.2024 668.9321 658.7117 648.25 638.1472 627.9773 616.8025 603.867 587.2794 566.6586 544.3469 522.1821 501.9392 483.5321 466.3577 449.5267 431.6613 412.453 393.2053 374.4533 355.1386 335.1009 314.073 292.3639 270.0338 247.6291 225.8365 203.9683 182.1284 161.8981 144.0229 127.5247 110.6544 93.18904 75.76709 59.67809 45.95072 34.57387 25.89439 -9999 -9999 -9999 -9999
493.2141 505.2289 516.7365 527.1618 535.3817 542.5568 549.7141 555.975 560.4818 563.5059 565.7001 568.6188 571.5192 575.4612 582.4901 591.4791 602.2064 614.043 625.9031 636.2063 643.6261 648.905 653.1315 657.1907 661.5485 665.7113 666.8505 663.4186 658.2791 652.3315 646.4797 640.4738 632.994 622.6663 608.9031 590.3107 568.2267 545.0073 521.4935 499.8814 479.9446 461.2722 443.0514 424.5561 406.2028 388.6556 370.5317 350.9909 330.2544 308.7116 286.5762 264.016 241.7885 220.7101 199.6097 178.9075 160.0333 143.2644 126.4894 109.0901 91.611 74.47038 58.74747 45.52622 34.91743 -9999 -9999 -9999 -9999 -9999
496.7408 508.5726 520.101 530.9012 540.0617 548.1605 556.4778 563.95 568.8867 571.2957 573.1844 576.1448 578.0462 578.6202 579.5957 582.8719 589.2613 598.1144 607.6376 616.4036 622.9408 628.0751 633.5223 638.8904 644.638 650.0104 653.2756 652.5586 650.6696 648.8683 646.7914 642.9579 636.8795 626.6389 611.0542 590.6985 567.6136 543.8008 519.7189 496.4027 474.2958 453.1451 433.0139 413.9304 396.7851 380.704 363.1538 343.7873 323.1642 301.7301 279.5003 257.0337 235.5275 215.372 195.2332 175.8357 158.4591 142.3957 125.4597 107.8027 90.33758 73.69179 58.61389 45.94075 -9999 -9999 -9999 -9999 -9999 -9999
501.2058 513.4906 525.1198 536.5664 546.9989 555.5503 563.8647 571.1343 576.0314 578.7108 581.2857 584.1489 585.632 585.2118 583.999 583.5431 585.6522 590.5354 596.6719 603.5052 609.932 615.8742 621.5323 627.5295 634.1756 640.1713 643.9446 646.2041 647.8931 648.9694 648.6586 645.9701 640.2191 628.9016 611.5665 589.8322 565.9778 541.4009 516.431 491.1625 466.2472 442.3204 420.5533 401.258 384.8072 369.2045 352.3052 333.5533 313.6159 292.8896 271.289 249.4424 228.8725 209.649 190.704 172.7328 156.8624 141.0659 124.2254 106.6311 89.41243 73.41798 58.81103 46.33832 -9999 -9999 -9999 -9999 -9999 -9999
