SpatialData/ALLSOCIAL/hfd_merge_kern400.asc
ncols         299
nrows         658
xllcorner     582840.57256934
yllcorner     4505984.7454546
cellsize      30
NODATA_value  -9999
[rows 62 to 92 of 658, columns 210 to 279 of 299]
-9999 -9999 -9999 -9999 -9999 -9999 -9999 -9999 -9999 -9999 -9999 -9999 -9999 -9999 0.006575095 0.2304832 0.862763 1.816452 2.99344 4.420399 6.23056 8.279119 10.41671 12.51188 14.45545 16.17676 17.5851 18.63884 19.68333 21.18952 23.10523 25.71273 28.83932 32.51565 36.74047 41.60933 47.50446 55.69334 65.88358 77.09759 88.52052 99.50419 109.225 116.9207 122.1974 124.6508 124.1369 120.6913 114.5759 106.3258 96.7603 86.62612 76.76235 67.65356 59.61353 52.59256 46.6299 41.79977 38.33141 36.67964 36.79628 37.85516 38.58819 38.45947 37.44369 35.5871 33.0032 29.8045 -9999 -9999
-9999 -9999 -9999 -9999 -9999 -9999 -9999 -9999 -9999 -9999 -9999 -9999 -9999 -9999 0.002985654 0.2025105 0.8083599 1.737842 2.913351 4.488226 6.454501 8.645119 10.93849 13.28572 15.52866 17.51479 19.12593 20.32086 21.36415 22.76728 24.5215 26.9021 29.66822 32.78293 36.47927 40.73687 45.59986 51.76929 59.79694 69.08222 78.81987 88.32067 96.76413 103.4186 107.9245 109.9373 109.3161 106.0894 100.4765 92.9974 84.3596 75.34741 66.54545 58.35133 51.1361 45.03181 39.98859 36.21112 33.70714 32.88635 33.47903 34.6012 35.17465 34.96821 33.98872 32.29208 29.9698 -9999 -9999 -9999
-9999 -9999 -9999 -9999 -9999 -9999 -9999 -9999 -9999 -9999 -9999 -9999 -9999 0 4.283217e-07 0.1467242 0.6901772 1.562496 2.752329 4.434921 6.506169 8.939135 11.61246 14.3433 16.94825 19.24273 21.08054 22.40689 23.44903 24.64581 26.07364 28.0403 30.37868 32.92198 35.82108 39.26148 43.3208 48.01414 54.03022 61.19004 69.02164 76.87744 83.91731 89.54246 93.28918 94.89128 94.1927 91.22021 86.18031 79.51997 71.82288 63.69627 55.61357 48.28267 42.04377 36.86716 32.91641 30.25234 -9999 29.08471 30.18562 31.29925 31.77618 31.55947 30.66217 29.14179 26.9956 -9999 -9999 -9999
-9999 -9999 -9999 -9999 -9999 -9999 -9999 -9999 -9999 -9999 -9999 -9999 -9999 0 0 0.0789649 0.5240564 1.309328 2.507893 4.258742 6.634556 9.509199 12.66764 15.84545 18.81574 21.39196 23.42789 24.85413 25.84977 26.8589 27.89269 29.30717 31.04619 32.96436 35.16868 37.74801 40.79897 44.46568 48.78421 54.10596 60.05634 66.1207 71.60259 76.0547 79.00983 80.11282 79.30663 76.66 72.24379 66.22673 59.0769 51.62566 44.3176 37.8528 32.63918 28.62068 25.8859 24.38933 -9999 -9999 26.78736 27.88234 28.32925 28.14493 27.36617 25.99397 24.01141 -9999 -9999 -9999
-9999 -9999 -9999 -9999 -9999 -9999 -9999 -9999 -9999 -9999 -9999 -9999 0 0 0 0.0241703 0.3349406 1.012995 2.196364 4.240931 7.101582 10.4863 14.08753 17.63806 20.91101 23.71983 25.91831 27.41703 28.33806 29.10725 29.80774 30.63536 31.79956 33.12991 34.60627 36.36873 38.52735 41.10603 44.20501 47.86451 52.19844 56.65076 60.65268 63.87963 65.97988 66.61563 65.60135 62.93256 58.68982 53.04822 46.42647 39.61527 33.15874 27.6547 23.57244 20.70553 19.24815 19.0247 -9999 -9999 23.21482 24.29265 24.79327 24.7217 24.05935 22.77401 -9999 -9999 -9999 -9999
-9999 -9999 -9999 -9999 -9999 -9999 -9999 -9999 -9999 -9999 -9999 0 0 0 0 0.0003555543 0.1568752 0.7004426 2.075805 4.587102 7.913818 11.70807 15.66232 19.50936 23.02229 26.01519 28.34089 29.89425 30.74619 31.2128 31.57016 31.9746 32.65219 33.45406 34.30048 35.31639 36.57806 38.23091 40.28703 42.778 45.52596 48.3716 50.95629 53.00759 54.21829 54.20425 52.7359 49.84393 45.64982 40.38087 34.393 28.29682 22.83056 18.39594 15.3901 13.75868 13.49817 14.27465 -9999 -9999 -9999 20.50821 21.06276 21.04409 20.42822 -9999 -9999 -9999 -9999 -9999
-9999 -9999 -9999 -9999 -9999 -9999 -9999 -9999 -9999 -9999 -9999 0 0 0 0 0 0.03300755 0.565653 2.323834 5.227314 8.90323 13.01073 17.26327 21.39842 25.15822 28.32847 30.74878 32.31252 33.03141 33.14453 33.18886 33.27617 33.59057 34.12806 34.67434 35.13858 35.6562 36.35469 37.41641 38.8519 40.48431 41.79045 42.77456 43.44253 43.59465 42.85649 40.93106 37.86112 33.80651 28.94802 23.64765 18.37136 13.91661 10.75736 8.848315 8.263256 8.846084 10.38782 12.37792 -9999 -9999 -9999 -9999 17.12323 16.56234 -9999 -9999 -9999 -9999 -9999
-9999 -9999 -9999 -9999 -9999 -9999 -9999 -9999 -9999 -9999 -9999 0 0.0009478725 0.001541249 0.0004161651 0 0.02591139 0.8080281 2.866442 6.041147 10.04434 14.57363 19.26352 23.76362 27.78612 31.10594 33.56077 35.05102 35.5542 35.36757 35.04637 34.95344 35.10737 35.48458 35.8509 35.99631 35.93143 35.81909 35.86463 36.23598 36.7036 36.87281 36.55227 35.86666 34.77738 33.06474 30.64436 27.45171 23.5705 19.26952 14.80731 10.61245 7.242152 5.192638 4.241438 4.388624 5.559546 7.318457 9.06615 -9999 -9999 -9999 -9999 -9999 -9999 -9999 -9999 -9999 -9999 -9999
-9999 -9999 -9999 -9999 -9999 -9999 -9999 -9999 -9999 -9999 0.1027004 0.1970139 0.3156383 0.4053314 0.4280604 0.3726819 0.491213 1.503757 3.697272 7.28736 11.84317 16.87687 21.96932 26.76999 30.99106 34.40747 36.85691 38.2398 38.58232 38.3187 37.94498 37.7989 37.92859 38.12828 38.36805 38.33819 37.8659 37.06731 36.16411 35.28397 34.40436 33.37756 31.96159 30.22739 28.16842 25.57971 22.53372 19.17837 15.55368 11.78919 8.223618 5.155056 2.937191 1.686891 1.505706 2.238118 3.406391 4.728682 6.072111 7.301642 -9999 -9999 -9999 -9999 -9999 -9999 -9999 -9999 -9999 -9999
-9999 -9999 -9999 -9999 -9999 -9999 -9999 -9999 -9999 -9999 0.9698326 1.425485 1.808097 2.052747 2.121407 2.005251 2.322611 3.562999 6.016494 9.717052 14.44524 19.7688 25.12601 30.13055 34.47458 37.93305 40.34363 41.61135 42.07846 42.31569 42.47617 42.54645 42.63597 42.68273 42.5433 42.19801 41.41762 40.09102 38.29583 36.21122 34.06195 31.8442 29.24842 26.40484 23.44584 20.16692 16.6225 13.0184 9.607005 6.44626 3.742309 1.829959 0.7069764 0.1604985 0.3456548 0.975084 1.788256 2.670011 3.564978 4.433307 -9999 -9999 -9999 -9999 -9999 -9999 -9999 -9999 -9999 -9999
-9999 -9999 -9999 -9999 -9999 -9999 -9999 -9999 -9999 2.041129 2.921218 3.727451 4.37573 4.789763 4.918596 4.825955 5.472176 7.302128 10.14509 13.8294 18.28659 23.28574 28.56282 33.60561 37.99212 41.4381 43.77637 45.0822 46.2872 47.52616 48.52224 49.12503 49.31562 49.18788 48.72046 47.85675 46.60918 44.72049 42.06936 38.87596 35.54318 32.22325 28.62237 24.77148 20.74812 16.70383 12.7661 9.022655 5.73629 3.190985 1.395946 0.4354205 0.07153882 0 0.004811198 0.1829349 0.6051053 1.157011 1.741418 2.279018 -9999 -9999 -9999 -9999 -9999 -9999 -9999 -9999 -9999 -9999
-9999 -9999 -9999 -9999 -9999 -9999 -9999 -9999 3.135447 4.58727 6.049633 7.347651 8.341223 8.935062 9.0787 9.087593 10.29824 12.5575 15.5965 19.22474 23.33752 27.81017 32.50163 37.1972 41.45828 44.81972 47.07096 49.01663 51.34458 53.72726 55.79757 57.20482 57.80188 57.58045 56.75195 55.38018 53.38981 50.75504 47.31864 43.21772 38.81744 34.4427 29.93135 25.20057 20.24145 15.33051 10.88377 7.082814 3.992725 1.929065 0.8477257 0.225738 0.003504289 0 0 0 0.02798571 0.2173936 0.5064794 0.815937 -9999 -9999 -9999 -9999 -9999 -9999 -9999 -9999 -9999 -9999
-9999 -9999 -9999 -9999 -9999 -9999 -9999 -9999 6.192141 8.400707 10.47885 12.24166 13.54904 14.3057 14.48441 14.96083 16.58988 19.04667 22.04276 25.53167 29.34653 33.31215 37.29047 41.23102 44.99162 48.119 50.6305 53.70541 57.27832 60.82203 63.89299 66.16809 67.38278 67.41492 66.27665 64.19878 61.41135 57.91891 53.72106 48.82935 43.58515 38.37443 33.05681 27.4038 21.60188 15.98461 10.94561 6.94197 4.05548 2.02897 0.8579614 0.2331301 0.01580321 0 0 0 0 0 0.01020023 -9999 -9999 -9999 -9999 -9999 -9999 -9999 -9999 -9999 -9999 -9999
-9999 -9999 -9999 -9999 -9999 -9999 -9999 7.308361 10.24315 13.14129 15.77308 17.95359 19.54274 20.44525 20.89461 21.83769 23.7494 26.33879 29.31864 32.51229 35.84256 39.26476 42.56486 45.67854 48.63977 51.40534 54.70329 59.05389 63.88418 68.62294 72.73 75.81149 77.59123 77.92375 76.74026 74.18627 70.53341 66.19187 61.22878 55.59255 49.58683 43.7 37.70201 31.1641 24.48767 18.1806 12.62003 8.069282 4.739929 2.388595 0.9825599 0.3079999 0.02881047 0 0 0 0 0 -9999 -9999 -9999 -9999 -9999 -9999 -9999 -9999 -9999 -9999 -9999 -9999
-9999 -9999 -9999 -9999 -9999 -9999 -9999 11.2195 14.88756 18.3981 21.52139 24.07252 25.91142 26.98963 27.86983 29.14224 31.27073 33.96317 36.87045 39.74505 42.53798 45.20094 47.77497 50.07197 52.12224 54.69642 59.01812 64.67434 70.80853 76.67439 81.70599 85.47892 87.70912 88.25805 87.13614 84.40521 80.3183 75.29487 69.5983 63.34641 56.68568 50.13998 43.3915 36.1132 28.6207 21.40159 14.95878 9.577782 5.561673 2.862941 1.149537 0.3564297 0.03467837 0 0 0 0 -9999 -9999 -9999 -9999 -9999 -9999 -9999 -9999 -9999 -9999 -9999 -9999 -9999
-9999 -9999 -9999 -9999 -9999 -9999 11.1529 15.45085 19.75996 23.80571 27.35837 30.23304 32.28965 33.63927 34.91511 36.46218 38.72064 41.39894 44.14798 46.71862 48.98169 50.95229 52.63916 54.1204 55.39623 58.05656 63.27512 70.11838 77.4817 84.49902 90.50975 95.02579 97.72932 98.47283 97.27913 94.32362 89.82887 84.256 78.09248 71.45122 64.34372 57.13194 49.42794 41.2305 32.89629 24.74535 17.33255 11.13659 6.375694 3.233154 1.275422 0.3655435 0.0306829 0 0 0 -9999 -9999 -9999 -9999 -9999 -9999 -9999 -9999 -9999 -9999 -9999 -9999 -9999 -9999
-9999 -9999 -9999 -9999 -9999 -9999 14.74497 19.68251 24.54043 29.0442 32.9641 36.11525 38.36655 40.03269 41.66343 43.42409 45.66363 48.23136 50.79972 53.09067 54.92393 56.24037 57.13029 57.68729 58.59525 61.69096 67.56691 75.57808 84.14536 92.21971 99.10417 104.2748 107.4061 108.3506 107.1311 103.9406 99.09444 92.96363 86.15192 79.00575 71.46495 63.60595 55.01136 45.87029 36.64651 27.71678 19.44452 12.43518 7.05193 3.448135 1.324176 0.3315677 0.01865097 0 0 0 -9999 -9999 -9999 -9999 -9999 -9999 -9999 -9999 -9999 -9999 -9999 -9999 -9999 -9999
-9999 -9999 -9999 -9999 -9999 12.86434 18.17022 23.64007 28.95456 33.85056 38.10827 41.52644 43.99701 45.96003 47.91012 49.78452 51.90079 54.28696 56.589 58.53872 59.93596 60.69635 60.84676 60.61177 61.7 65.51917 72.18068 81.02587 90.50769 99.38692 106.9198 112.6316 116.1707 117.3377 116.1522 112.8084 107.6747 101.1666 93.83593 86.013 77.69956 69.11107 59.71758 49.72359 39.6396 29.97619 21.0577 13.36437 7.452954 3.484221 1.264436 0.2599328 0.004960523 0 0 0 -9999 -9999 -9999 -9999 -9999 -9999 -9999 -9999 -9999 -9999 -9999 -9999 -9999 -9999
-9999 -9999 -9999 -9999 -9999 15.40814 21.19973 27.11522 32.86431 38.14833 42.71618 46.36605 49.02853 51.25808 53.44313 55.45227 57.40614 59.46467 61.35692 62.82296 63.7065 63.9369 63.48513 62.93527 64.6863 69.35297 76.61064 85.94583 96.16533 105.7461 113.8326 119.929 123.7356 125.0908 123.9563 120.5475 115.2276 108.4351 100.5965 92.1647 83.20337 73.59381 63.27526 52.55962 41.74557 31.384 21.97658 13.81089 7.49731 3.311492 1.088442 0.1648226 0 0 0 0 -9999 -9999 -9999 -9999 -9999 -9999 -9999 -9999 -9999 -9999 -9999 -9999 -9999 -9999
-9999 -9999 -9999 -9999 11.76199 17.49705 23.71568 30.05746 36.17267 41.76093 46.57111 50.40143 53.21844 55.64782 58.05633 60.15175 61.9393 63.56705 65.00189 65.96848 66.29664 65.92375 64.97051 64.89565 67.34052 72.61457 80.46558 90.33336 101.1355 111.2394 119.7236 126.0962 130.0645 131.4997 130.3984 126.8754 121.2775 114.1374 105.9847 97.19537 87.70592 77.06792 65.68471 54.17509 42.79033 31.90068 22.07827 13.67781 7.148114 2.924505 0.8157459 0.06989267 0 0 0 0 -9999 -9999 -9999 -9999 -9999 -9999 -9999 -9999 -9999 -9999 -9999 -9999 -9999 -9999
-9999 -9999 -9999 -9999 12.98814 19.08588 25.66041 32.31273 38.69315 44.50128 49.486 53.44553 56.38623 58.9828 61.51181 63.67126 65.3588 66.60349 67.55158 68.03484 67.8437 66.90379 65.92944 66.41943 69.48385 75.39356 83.83014 94.09768 105.2189 115.6602 124.3627 130.8111 134.7427 136.0926 134.9386 131.3401 125.5786 118.1913 109.7949 100.8189 90.77814 79.29747 66.97835 54.55487 42.66589 31.42935 21.35122 12.91365 6.405757 2.337871 0.4932011 0.007858502 0 0 0 -9999 -9999 -9999 -9999 -9999 -9999 -9999 -9999 -9999 -9999 -9999 -9999 -9999 -9999 -9999
-9999 -9999 -9999 8.301723 13.75385 20.10224 26.89863 33.74403 40.28875 46.23239 51.32386 55.36137 58.43084 61.10217 63.69479 65.94576 67.70637 68.96877 69.63824 69.7477 69.1599 67.90585 67.28197 68.17022 71.73071 78.07758 86.92066 97.50582 108.855 119.3876 128.0769 134.418 138.1028 139.0804 137.4987 133.6823 127.8812 120.4943 112.1228 102.9339 92.17173 80.02835 66.99879 53.82037 41.33078 29.95342 19.8374 11.53973 5.30784 1.618621 0.1949689 0 0 0 0 -9999 -9999 -9999 -9999 -9999 -9999 -9999 -9999 -9999 -9999 -9999 -9999 -9999 -9999 -9999
-9999 -9999 -9999 8.446274 14.0107 20.45917 27.34405 34.26569 40.87286 46.86731 51.99774 56.0739 59.25877 61.99612 64.73651 67.40477 69.56102 70.93546 71.49374 71.26607 70.29321 69.07893 68.91131 70.5562 74.77421 81.61837 90.6686 101.1787 112.2537 122.5613 130.9762 136.9623 140.2714 140.811 138.7984 134.6351 128.7027 121.4762 113.3787 103.852 92.4106 79.56546 65.92631 52.11171 39.01195 27.50667 17.59226 9.650302 3.957265 0.8883997 0.02186204 0 0 0 -9999 -9999 -9999 -9999 -9999 -9999 -9999 -9999 -9999 -9999 -9999 -9999 -9999 -9999 -9999 -9999
-9999 -9999 -9999 8.250076 13.87603 20.44031 27.4271 34.39206 40.96259 46.83936 51.79086 55.72061 58.91932 61.98952 65.16431 68.20617 70.66715 72.2167 72.81997 72.44795 71.15013 70.32639 71.09822 73.77698 78.72291 86.06876 95.27484 105.6394 116.1708 125.6843 133.3741 138.7819 141.5162 141.7101 139.5179 135.2177 129.2736 122.0165 113.7037 103.7801 91.84018 78.40267 64.20055 49.90593 36.31147 24.47141 14.80129 7.416092 2.521166 0.3165006 0 0 0 0 -9999 -9999 -9999 -9999 -9999 -9999 -9999 -9999 -9999 -9999 -9999 -9999 -9999 -9999 -9999 -9999
-9999 -9999 4.054785 8.366366 14.12972 20.77329 27.83535 34.86726 41.46286 47.26361 52.00143 55.69068 58.92942 61.99758 65.03117 68.14806 70.79716 72.60027 73.33576 72.92261 71.91714 72.10223 74.10592 77.87973 83.48238 91.18361 100.4547 110.4981 120.417 129.0201 135.6467 140.2382 142.7307 142.7924 140.4274 135.9427 129.7403 122.0825 113.2056 102.5795 90.27136 76.49039 61.9094 47.36235 33.55912 21.5038 12.05775 5.213889 1.242495 0.02755874 0 0 0 -9999 -9999 -9999 -9999 -9999 -9999 -9999 -9999 -9999 -9999 -9999 -9999 -9999 -9999 -9999 -9999 -9999
-9999 -9999 4.731472 9.068377 14.91015 21.75088 29.03082 36.20169 42.82609 48.58731 53.23985 57.16905 60.73441 63.75636 66.27574 68.48521 70.49663 72.09869 72.90709 72.69667 72.82012 74.47031 77.805 82.59298 88.88213 96.87875 106.2162 115.8985 125.0993 132.6752 138.2526 142.1059 144.1907 144.0755 141.5505 136.687 129.9062 121.6298 111.9141 100.4705 87.60277 73.69463 59.02469 44.44588 30.78304 18.90297 9.844046 3.664511 0.5360334 0.00341119 0 0 0 -9999 -9999 -9999 -9999 -9999 -9999 -9999 -9999 -9999 -9999 -9999 -9999 -9999 -9999 -9999 -9999 -9999
-9999 3.319165 6.092463 10.55986 16.607 23.63887 31.03761 38.3684 45.21924 51.1444 56.08937 60.69696 64.67446 67.75855 69.86188 71.1298 71.97045 72.45242 72.40496 72.56927 73.99847 77.09867 81.82952 87.79417 94.94307 103.3253 112.6751 121.969 130.2292 136.7971 141.7189 144.8078 146.0091 145.2989 142.2626 136.9201 129.561 120.6089 109.8861 97.6035 84.15713 70.04598 55.57127 41.26138 28.05447 16.75672 8.403049 3.105357 0.7757976 0.1493175 3.234751e-05 0 -9999 -9999 -9999 -9999 -9999 -9999 -9999 -9999 -9999 -9999 -9999 -9999 -9999 -9999 -9999 -9999 -9999 -9999
-9999 5.08847 8.381009 13.06766 19.18462 26.2965 33.95691 41.61929 48.75498 54.99193 60.66508 65.86622 70.17185 73.37427 75.2559 75.97322 75.83577 75.09175 74.33884 74.71622 76.75716 80.72848 86.61252 93.66901 101.7567 110.6503 119.8204 128.562 135.835 141.5378 145.6196 147.7759 147.9333 146.2617 142.4977 136.4938 128.6471 118.8795 107.1684 94.0728 80.17844 65.88206 51.73043 38.01623 25.55753 15.17715 7.833161 3.64513 1.737085 0.5927065 0.06631165 0 -9999 -9999 -9999 -9999 -9999 -9999 -9999 -9999 -9999 -9999 -9999 -9999 -9999 -9999 -9999 -9999 -9999 -9999
4.459958 7.484285 11.53693 16.42527 22.58677 29.91025 37.85228 45.83096 53.3331 59.99503 66.32153 72.07372 76.83415 80.39596 82.46806 83.05942 82.45718 80.90277 79.98888 80.74749 83.37258 87.99096 94.31825 102.002 110.5849 119.6873 128.3848 136.0945 142.2763 146.9218 149.8084 150.7779 149.7607 146.9383 142.4494 135.907 127.2179 116.5207 103.9796 90.16425 75.84619 61.54358 47.79441 34.86967 23.45159 14.30949 8.27814 5.048597 2.971009 1.333173 0.3219236 -9999 -9999 -9999 -9999 -9999 -9999 -9999 -9999 -9999 -9999 -9999 -9999 -9999 -9999 -9999 -9999 -9999 -9999 -9999
6.648635 10.40457 15.13755 20.53227 26.93377 34.43412 42.59637 50.86271 58.5761 65.7272 72.6884 79.15171 84.68967 88.87199 91.52652 92.57476 91.94534 90.36217 90.04147 91.45328 94.75043 99.98452 106.8825 114.9756 123.7333 132.2278 139.6941 145.8085 150.5451 153.6676 154.8304 154.0601 151.5925 147.5283 142.1751 134.9071 125.279 113.636 100.3694 86.0182 71.44539 57.29149 44.04576 32.14391 21.98834 14.35168 9.577184 6.730037 4.302432 2.243332 -9999 -9999 -9999 -9999 -9999 -9999 -9999 -9999 -9999 -9999 -9999 -9999 -9999 -9999 -9999 -9999 -9999 -9999 -9999 -9999
9.214514 13.5868 18.91712 25.13861 32.07803 39.75891 48.05536 56.40699 64.24203 71.96286 79.81339 87.36812 93.94925 99.19521 102.7822 104.5449 104.3732 104.0191 104.9633 107.5161 111.7731 117.6993 124.9648 133.2796 141.6482 149.0435 154.8171 158.8797 161.6226 162.575 161.601 158.7711 154.2634 148.496 141.6737 133.2372 122.768 110.378 96.47676 81.85697 67.20482 53.39918 40.92995 30.20814 21.38822 15.11847 11.27369 8.339211 5.598833 3.190664 -9999 -9999 -9999 -9999 -9999 -9999 -9999 -9999 -9999 -9999 -9999 -9999 -9999 -9999 -9999 -9999 -9999 -9999 -9999 -9999
