SpatialData/ALLSOCIAL/hfd_merge_kern400.asc
ncols         299
nrows         658
xllcorner     582840.57256934
yllcorner     4505984.7454546
cellsize      30
NODATA_value  -9999
[rows 434 to 464 of 658, columns 70 to 139 of 299]
463.7101 506.8084 550.939 593.0905 634.2469 674.8536 713.7782 749.9017 782.1118 810.7827 836.9257 860.8188 881.9437 897.6593 909.7748 920.7903 930.5256 938.6729 943.818 946.5646 949.9199 955.8754 964.7424 976.6326 991.4488 1010.878 1031.446 1051.095 1068.572 1081.96 1090.172 1093.185 1092.531 1087.152 1073.85 1052.87 1028.731 1005.155 982.1773 958.9619 935.5445 911.4872 887.3839 864.2553 842.5542 823.3156 806.4216 792.0834 780.7015 771.8887 764.3253 756.6111 748.0021 737.6676 724.7481 709.0723 692.8665 678.8643 667.5638 658.5098 651.4537 646.1723 643.8367 642.3648 639.9552 636.9471 633.4151 627.7327 621.0193 614.4919
476.9181 522.2304 568.1532 613.7134 659.015 702.9753 743.8499 780.8646 813.8693 843.0582 868.713 890.8469 908.1677 920.4216 929.886 939.0439 948.097 955.3672 959.5582 961.2863 963.4963 968.2507 974.9316 984.2613 997.4957 1015.653 1036.65 1057.751 1077.649 1093.539 1104.142 1109.502 1109.698 1103.125 1089.401 1068.075 1044.211 1020.014 995.8745 971.2091 944.8214 917.1308 890.4101 865.0262 839.9456 817.1943 796.8532 779.2709 766.1291 757.5698 751.018 744.6096 737.2584 728.2261 718.3118 707.2688 697.5071 689.463 683.2108 678.1376 674.9838 673.2222 673.2722 672.9829 671.4034 668.5781 663.6703 655.7761 647.0608 638.1274
486.6661 533.4236 580.3499 629.2607 677.9761 724.6924 767.5292 805.9973 840.4689 870.6667 896.0983 916.5894 931.0219 940.8278 948.4509 955.4786 962.5477 968.5271 972.5302 974.0658 975.2533 978.0203 981.9515 988.5422 1000.981 1018.867 1040.297 1063.206 1085.669 1104.223 1117.298 1125.054 1125.225 1116.962 1102.222 1082.05 1059.126 1034.077 1006.942 979.1086 949.7351 919.4641 890.3894 861.953 833.6736 807.4792 784.3204 764.6693 750.6133 742.6169 737.1058 731.8138 726.3772 719.9029 712.1183 705.7838 702.2186 700.1937 698.0895 697.2563 698.2247 699.649 702.1295 704.764 705.0615 702.5733 696.2281 686.9911 677.0222 666.3532
493.724 540.7202 589.4127 640.458 691.0172 739.2271 783.6607 823.8716 860.5199 892.6481 919.2096 938.6516 951.5524 960.6519 967.268 972.5491 976.8455 979.9412 982.261 983.2999 983.7235 985.0073 986.3636 991.7967 1003.663 1022.241 1044.714 1069.605 1094.13 1114.71 1129.988 1138.959 1138.811 1129.71 1114.125 1095.084 1072.233 1046.57 1016.94 985.1011 952.1193 919.462 887.4868 855.5126 823.7194 794.1038 768.2253 747.7515 734.2415 727.4785 723.9772 720.9191 717.9133 713.7271 709.495 707.9328 708.8322 710.3113 712.0852 715.2704 719.276 724.293 730.9468 736.7425 738.8633 736.7209 729.8774 719.9135 709.0154 697.3056
497.0769 544.0911 594.3505 646.8129 698.2769 747.0569 792.977 835.4547 874.17 908.3691 936.1838 955.4201 968.1503 977.3754 983.959 987.9526 989.7307 990.5995 991.3696 991.7389 991.7869 989.7939 989.6168 995.5911 1008.671 1027.62 1050.879 1077.813 1103.863 1125.647 1141.889 1150.963 1150.1 1140.399 1125.499 1106.815 1084.176 1057.296 1026.37 991.4537 955.3925 919.6816 883.3764 847.2044 811.9016 779.3204 751.6837 730.9637 718.9246 713.7087 712.2178 712.049 711.4111 710.1748 709.4885 711.8204 715.9716 720.2532 725.2183 731.4968 738.7385 748.4969 759.6039 768.1133 771.8997 769.9162 763.5221 753.9693 742.4984 728.5698
496.9532 543.8428 594.9398 647.9902 700.2363 750.8426 799.7471 844.9459 885.348 920.3599 947.6882 967.061 980.1015 989.4175 995.7499 998.883 999.2279 999.7436 1000.053 999.8738 999.3083 995.0334 992.6304 999.4124 1014.509 1034.841 1059.107 1086.506 1112.725 1134.512 1151.39 1159.996 1158.507 1148.575 1133.936 1115.599 1093.821 1066.636 1034.413 997.4509 959.3678 920.2617 879.3841 838.3336 799.2027 764.2938 736.517 717.7661 708.1307 703.8315 703.0191 704.7381 706.2945 707.9709 710.2806 714.9749 721.6021 728.8958 736.6617 745.8929 758.3195 773.2877 787.7631 798.7642 804.6259 803.4997 797.794 788.1552 775.7271 759.8593
493.3581 540.143 591.8068 646.2513 700.652 754.5662 806.1495 853.2889 895.0612 930.149 956.0865 975.2369 988.4822 997.406 1003.063 1005.586 1005.769 1006.649 1007.179 1007.129 1004.882 1000.139 997.5239 1003.317 1019.352 1041.278 1066.628 1093.993 1119.287 1140.009 1155.836 1163.552 1162.116 1153.493 1140.006 1122.354 1101.152 1074.348 1041.148 1003.414 963.4271 920.7404 875.4274 830.3696 787.481 751.5967 724.2767 706.8582 699.472 696.7503 696.7866 699.2757 701.6894 705.5777 710.6085 717.144 725.6046 735.3301 746.0376 759.3287 777.1723 797.2913 814.8245 827.5883 834.4796 835.2762 830.4373 820.9746 807.8195 789.4265
487.8592 535.6193 588.6548 644.8093 702.0288 758.8599 812.7791 861.1445 903.0562 936.9148 961.9827 980.5887 993.8747 1002.899 1007.839 1009.658 1010.092 1011.543 1013.475 1013.051 1009.323 1004.719 1003.83 1010.374 1025.034 1046.38 1071.24 1098.045 1122.212 1141.705 1155.831 1162.939 1162.152 1155.365 1144.127 1128.208 1107.556 1080.577 1047.166 1009.611 967.6187 921.0601 871.9567 823.0323 778.4197 742.6213 716.7146 700.3173 693.0159 690.6448 691.6265 693.7047 696.9057 702.4756 709.477 717.701 728.1718 739.8543 753.3737 771.5962 795.0698 819.313 839.653 853.626 861.3013 863.8384 860.3745 851.5439 837.2349 816.6655
483.7813 533.0016 587.3127 645.3954 704.9366 763.5081 818.8838 868.0096 908.9763 940.9921 965.0677 983.1843 996.8767 1006.509 1010.975 1011.815 1011.983 1013.846 1016.749 1016.395 1011.94 1008.085 1009.598 1017.381 1030.965 1050.302 1073.738 1099.038 1122.745 1141.308 1154.726 1161.689 1161.504 1156.367 1147.184 1133.401 1113.927 1087.016 1053.34 1014.879 970.3856 920.992 868.7893 816.8036 771.4993 736.0845 711.9261 696.9694 689.1188 685.6235 684.8212 686.1351 690.5317 697.5695 706.1473 716.36 729.106 743.0776 760.6663 783.8591 811.1086 837.7227 859.8973 875.3345 884.587 888.4803 886.6129 878.2604 863.0197 840.7174
482.8457 533.7081 588.916 648.1097 708.8317 768.084 823.5388 872.4597 912.2348 942.7579 965.8833 983.71 997.2657 1007.301 1012.45 1012.833 1012.486 1014.492 1016.049 1014.545 1011.64 1010.016 1013.516 1022.207 1034.921 1052.51 1074.708 1098.844 1121.798 1139.699 1153.106 1160.88 1162.137 1158.468 1150.247 1137.36 1119.118 1093.31 1059.902 1019.503 972.0217 919.4872 865.0376 812.8707 767.9411 733.2153 709.4423 695.2344 687.064 681.5969 677.8774 678.1204 683.2298 691.6447 701.7776 714.0622 728.6362 745.5976 767.5323 794.9494 824.1814 851.6992 874.4578 891.0712 902.298 908.4625 908.6057 901.196 884.6263 859.9296
484.6858 537.6223 593.5358 652.5709 712.864 771.6188 826.2277 874.0112 912.5792 941.9528 963.9683 981.7175 995.4293 1004.892 1010.022 1011.339 1011.829 1013.511 1012.402 1008.718 1006.643 1008.52 1014.891 1024.79 1037.259 1052.736 1073.295 1096.622 1118.392 1136.12 1150.072 1158.675 1161.702 1159.781 1152.773 1140.363 1122.402 1097.521 1064.819 1022.521 972.2426 917.5587 862.2261 811.4357 768.0514 734.714 712.112 697.6854 688.3482 680.9615 675.2875 674.4446 678.9246 686.7834 697.7778 711.4612 727.4224 747.0946 772.5925 802.754 833.2728 860.826 883.5884 901.9666 915.413 923.5582 925.047 918.687 901.7192 874.7991
488.069 543.1139 600.5849 658.7573 717.0562 773.9598 826.6262 872.2776 909.7303 938.4012 959.426 976.6643 990.4348 1000.087 1005.317 1007.511 1009.677 1010.454 1007.342 1002.647 1000.897 1004.672 1012.456 1023.208 1036.43 1051.161 1069.162 1090.879 1111.563 1129.491 1143.988 1153.981 1158.491 1158.788 1153.498 1141.998 1124.363 1099.483 1066.133 1022.916 971.6346 916.2822 862.3362 813.5784 772.8829 743.421 723.4901 709.3353 697.4176 687.4949 680.8914 679.2684 682.2064 687.8408 697.4119 709.9771 725.9755 747.4225 774.8624 806.262 836.9672 864.0878 887.3503 907.4941 923.2076 933.1435 935.5684 929.4549 912.571 884.494
493.3621 550.1064 608.5231 666.8505 723.0065 776.5457 825.7738 868.914 904.7412 932.5573 953.208 969.3412 982.4411 992.8185 999.4579 1002.567 1004.97 1004.425 1000.853 996.7209 995.3618 999.509 1006.982 1017.294 1030.162 1044.858 1062.225 1082.315 1101.488 1119.277 1133.921 1145.198 1151.853 1153.622 1149.38 1139.029 1122.09 1097.055 1062.864 1019.723 969.6472 916.0181 865.3478 821.4693 785.9114 759.5637 741.1037 726.4067 712.6603 700.4687 692.6592 689.4078 689.9935 693.8296 701.9825 713.072 727.5411 746.9009 773.9311 804.9152 834.4256 860.7614 885.0385 906.387 923.816 935.1033 938.3596 932.2793 915.5158 887.688
500.2224 558.0438 616.1981 673.9779 729.0557 779.7632 825.071 865.0514 898.9307 925.5921 945.8719 961.8481 974.7363 985.0468 992.2621 996.1564 997.497 995.6664 992.3398 988.6747 987.2346 990.4731 997.9863 1007.293 1018.783 1032.781 1050.58 1070.097 1088.816 1106.182 1120.582 1131.825 1139.233 1142.486 1139.803 1130.853 1114.459 1089.05 1054.717 1012.236 964.3615 915.6732 872.792 835.525 804.7605 780.618 762.4862 746.1782 730.5593 717.2167 708.2112 702.8697 700.957 703.2405 709.7556 718.4605 730.9284 747.9359 770.7289 798.0184 825.2545 851.771 876.894 899.0226 917.1094 928.908 932.5143 926.6398 910.3451 883.4335
507.5281 565.6417 623.2062 679.2505 732.7431 781.88 825.0646 862.6534 894.316 919.6759 939.7671 955.4423 968.538 978.9169 986.014 989.1057 988.0392 985.0808 981.5609 977.8473 975.512 977.0656 983.6091 992.5064 1003.42 1017.015 1034.144 1053.328 1072.835 1090.473 1104.425 1114.04 1121.031 1125.029 1123.644 1116.005 1100.285 1074.934 1040.819 999.8683 956.2037 916.1782 881.3436 850.6607 824.2896 802.2429 783.8084 766.2729 749.4984 735.4689 725.9238 719.6036 715.8032 715.9063 719.4991 725.189 735.0787 749.2551 767.2112 787.8902 811.1249 837.0146 862.2313 884.9648 902.9969 914.4662 917.7509 912.016 896.2733 870.2916
515.128 572.0819 628.8527 683.0065 734.2901 781.2991 823.074 859.1931 889.8434 914.6311 934.7702 949.9618 962.5622 973.1635 979.1555 979.576 976.3906 971.8871 967.5329 963.3671 959.7927 959.3075 964.2828 972.47 983.3928 997.2845 1012.104 1030.297 1049.587 1067.44 1081.837 1091.838 1098.173 1101.97 1101.252 1094.803 1080.053 1055.456 1022.242 983.7252 947.0255 914.8939 887.2189 862.0179 839.1978 818.2115 799.7857 782.5278 766.3243 752.7352 742.4989 735.6566 731.6631 731.0861 731.6616 733.5694 739.5814 749.7563 762.2269 776.4642 794.3832 817.5928 842.0229 864.2072 881.2143 892.0014 894.9699 889.2841 874.0644 848.7156
521.6328 577.491 632.8323 685.0439 733.6613 778.0167 818.0806 852.994 882.4681 907.1356 927.5677 943.5805 955.6845 965.3259 969.5919 967.7266 962.9391 956.7325 950.9684 945.105 939.5702 937.3353 940.7584 948.2376 958.3192 970.0514 983.2266 999.9636 1018.441 1036.049 1051.038 1061.906 1068.714 1072.693 1072.882 1067.363 1053.523 1030.397 999.2007 965.9236 935.8474 909.7646 887.1618 866.4183 846.599 827.0246 809.1628 793.0844 778.4763 766.537 757.5193 751.4044 748.2901 746.8203 745.2587 744.1082 745.7473 751.1203 757.106 765.0139 777.6161 795.1091 817.1873 837.9949 853.5474 862.6696 864.8556 859.0239 844.4083 820.2409
526.6241 581.127 634.2061 684.2873 730.1965 772.0699 810.1376 843.8902 872.7051 896.902 917.7381 935.0877 947.2268 954.8948 956.4305 952.5782 946.2968 938.84 931.6925 924.2551 916.7451 912.1173 913.8391 919.9095 927.5243 936.1239 947.4091 962.7168 980.4601 997.5336 1012.455 1024.264 1032.145 1036.343 1037.061 1031.908 1018.746 997.2084 969.4155 943.1619 919.8612 898.9902 880.3568 863.1789 845.9155 829.0369 813.119 798.8041 786.569 776.9081 770.5801 766.7372 763.5618 761.1867 758.1385 754.5392 752.6452 752.5197 752.2949 754.0439 760.7921 772.6749 789.7996 807.3411 820.4335 827.3711 828.1874 822.2595 808.4523 785.4492
531.2294 582.9156 633.0216 680.1831 723.5265 763.3433 799.2816 831.9016 860.9714 885.9687 907.3737 924.7324 936.754 942.0871 941.1229 935.6983 927.8232 918.8478 909.9572 900.9969 891.7683 884.6675 884.1423 887.5296 891.7308 897.6264 907.3454 920.8172 936.2255 952.2166 967.1135 979.7813 989.2698 994.9336 995.2179 988.9695 976.294 957.0381 934.8164 914.9726 897.3868 881.4757 867.1635 853.8124 840.2545 826.9965 814.0348 802.8721 793.5008 785.8542 781.3521 778.7994 776.4404 773.926 769.8423 764.5632 759.2126 753.5455 747.8983 744.0671 744.8417 750.4783 760.8182 772.9908 782.2038 786.8763 786.5316 780.9033 767.6543 745.343
536.4764 584.5562 630.4658 673.7027 714.5486 753.3241 788.3228 819.2917 847.8669 873.2586 895.0206 912.0884 924.0895 928.4919 924.8198 917.6727 908.7464 898.6202 888.0198 877.0964 865.8779 857.0161 853.5989 853.2834 853.8826 856.6669 864.2589 875.7275 889.1226 903.3517 917.4749 930.216 941.3078 948.3796 949.3086 943.6036 931.192 913.2818 896.3607 882.4001 871.0414 861.1342 851.0321 841.3058 831.8754 822.3356 813.6309 806.2564 800.1184 794.6838 791.6442 790.0655 788.2521 785.5712 781.9336 775.9097 767.1371 756.4266 745.4063 736.2347 730.2881 729.2415 731.6926 736.9339 740.9561 741.9579 740.1511 734.358 721.0099 699.2654
542.1212 586.7723 627.926 667.3292 705.6502 742.5359 776.856 807.7321 835.7964 860.4083 881.3323 898.3208 909.9489 913.2983 908.5403 899.7243 889.5704 878.441 866.9905 854.8656 841.909 830.7217 823.738 819.2408 816.3692 816.2141 821.1233 829.9853 841.2783 854.6705 868.3446 881.1851 892.0665 898.8774 899.963 895.754 885.2646 869.7642 857.1099 848.834 843.8561 839.939 834.4317 828.7583 823.1061 817.959 813.3603 809.5092 805.8082 802.5003 801.2165 801.2836 800.9576 798.5382 794.059 787.1946 776.4836 761.8273 745.4143 730.698 717.874 708.6002 702.4536 700.0032 698.2206 694.7048 690.8396 683.3955 668.9346 648.0267
547.6967 589.1779 626.6927 663.131 699.2838 733.6942 765.6087 795.2903 823.6873 848.7592 869.5883 886.4873 896.4354 897.6699 892.5059 883.536 872.6236 860.2299 847.3234 833.8553 820.2151 807.6933 797.5795 788.5109 782.3232 780.1769 782.2217 787.7235 796.6961 808.8367 822.1393 834.8298 844.6976 850.4318 851.1338 847.4152 839.2153 828.23 821.2918 818.548 818.8585 820.0553 819.5771 818.3957 816.8439 814.8726 812.9761 811.6113 810.8715 810.8193 811.9305 813.78 815.0544 813.4884 808.5751 799.4399 786.6378 769.2921 748.7545 727.9827 708.5175 690.2834 675.132 664.7622 657.1554 649.0432 641.1606 630.7737 614.7536 594.0692
552.9915 591.601 626.8794 660.4384 694.2159 726.2444 755.6346 783.522 810.7004 836.2849 858.3115 875.0823 883.5635 883.934 877.7231 867.4816 856.2124 843.7606 829.8091 815.3829 801.6498 789.256 776.8496 764.7789 755.4704 750.183 749.0496 751.9132 758.5943 768.6263 780.1298 791.7914 800.4539 805.2755 806.3174 803.4865 797.1891 791.0934 790.3242 792.8999 797.2326 802.4655 806.261 808.8828 810.6752 811.9141 812.7876 813.4797 815.2377 819.0931 824.699 829.6635 832.2684 830.2455 824.253 814.2263 798.4789 778.0361 753.3128 727.8195 702.7987 677.6403 653.8582 635.5574 621.5816 608.3558 595.2134 580.4125 562.4011 540.8687
557.7751 593.7023 627.4164 659.5488 690.2648 719.3066 746.4847 773.0016 798.9474 823.7948 846.7988 862.7121 870.6182 871.0998 864.5103 853.1918 840.3417 827.6406 814.3288 800.9836 788.3376 776.0635 762.2683 748.6816 737.2275 728.3783 723.2001 722.7384 726.826 734.826 744.5111 754.3096 761.5209 765.3726 766.7981 765.5547 763.212 761.179 764.6865 772.2251 780.2547 787.7972 794.8503 800.3675 804.039 807.5941 810.9722 814.7377 820.3286 828.9637 838.8126 846.7742 850.6324 848.752 841.4101 828.963 810.5613 786.5594 758.9933 729.2184 699.2089 668.6156 639.0791 613.8071 593.0955 573.8835 554.2487 534.0389 513.2592 490.7876
559.0248 593.6387 627.1715 658.7484 687.2418 713.0249 737.6224 762.6981 788.1975 812.7198 833.983 848.5219 856.1633 857.2952 851.5804 840.5886 827.3506 813.8873 801.6656 790.8144 780.5638 767.843 753.4304 738.6642 725.7018 714.7122 706.996 703.2011 704.0529 708.8012 716.0053 723.8115 729.7909 732.6791 733.1331 734.2448 736.5001 738.4298 744.9853 755.0471 765.7241 775.5599 784.5225 791.9236 797.7876 802.8052 808.2098 815.9294 826.1642 839.1143 852.4641 862.9753 867.8373 866.4661 857.8817 842.1089 820.7042 793.8903 763.9898 731.699 697.728 662.9819 629.1005 599.4753 573.2396 546.2849 519.7009 493.6846 468.8787 444.7198
556.5105 590.6012 623.9566 654.9107 682.941 707.855 731.1525 755.2319 779.7061 802.4839 820.4944 833.1939 840.1141 841.7817 837.6428 828.6636 817.0353 804.964 794.4638 786.538 778.1091 766.4601 751.7716 735.7865 720.6461 707.7405 698.1586 692.0539 690.4597 692.2023 696.634 701.8098 706.429 708.5698 708.9909 711.7768 716.6619 721.6804 730.0601 740.9641 752.7433 763.8481 773.5734 782.6036 791.3011 798.7072 807.0179 818.6801 833.2507 849.7576 865.8677 878.424 883.8737 881.9188 871.8201 853.3654 828.8289 799.8401 767.419 733.3106 697.0645 659.37 622.1699 589.1107 557.6058 524.4772 491.6404 460.8002 431.7503 404.2047
551.6362 584.7983 618.348 650.0674 679.2775 705.3042 729.4634 752.7537 775.4086 795.1534 810.2563 821.4819 828.1063 829.6461 826.271 819.5574 810.7047 802.25 795.2484 789.6704 781.9645 770.7632 755.999 739.0739 722.4907 707.5068 695.786 687.5472 684.1097 684.6125 686.8309 689.6572 692.2355 692.5892 693.6635 698.2053 704.6638 710.924 718.6851 728.9442 741.0825 752.2606 762.8292 774.272 785.5069 795.985 808.3087 823.4736 841.7406 861.1471 878.9581 892.5323 898.7029 895.3838 883.3229 862.8427 835.6479 804.38 770.3474 734.4178 696.097 656.385 617.0845 580.4405 542.9186 503.8716 465.2305 429.8918 398.339 368.6302
546.4011 579.9101 614.5889 647.2472 677.6437 704.6827 730.1611 754.4522 776.2583 792.8976 805.1275 815.1635 821.6288 823.8443 821.8513 817.2504 811.679 806.9941 803.1142 797.9534 790.3083 778.5592 763.2858 746.0491 728.5338 712.2673 698.9799 689.3635 683.8338 682.403 683.3624 684.8245 685.8134 684.4438 685.6087 691.1807 698.5217 704.4813 710.3666 718.9816 729.9669 741.5388 753.5308 767.0797 780.265 794.1568 810.5817 829.9599 851.6058 873.0403 891.4589 904.8376 910.4949 906.4961 892.707 870.8445 842.3288 809.2227 773.6682 736.5726 696.9868 654.9846 613.2243 572.6873 529.1965 484.7762 440.8216 400.5132 366.3412 335.6165
547.1389 582.1226 617.5528 651.3923 682.7806 711.7503 738.8822 763.4272 783.7422 798.2843 808.4751 816.3113 821.7195 824.2481 824.4041 823.0852 820.4871 817.7136 814.698 808.4229 799.7337 788.4779 773.6204 756.5475 738.4098 720.8821 706.4672 696.7673 690.3448 686.4961 684.9942 684.597 684.7722 683.2684 683.8236 688.4935 695.2665 701.2183 705.4823 712.0831 721.1314 732.2134 745.2756 760.392 775.905 793.3145 813.2608 836.034 860.0657 882.8785 901.6231 914.1539 918.2615 913.2612 899.5214 877.5849 848.6119 814.1298 777.1877 738.6861 698.2745 654.5234 610.6702 564.8513 515.8093 466.2785 418.5153 374.915 337.8552 305.4553
566.9053 606.2382 642.1409 674.0641 702.9159 729.6935 755.4127 779.5128 798.0268 811.4168 820.1779 825.684 829.3885 831.6968 833.1869 834.1153 832.8373 830.2361 825.9158 818.8633 809.6767 798.9171 785.5523 770.3104 752.9543 734.8781 719.6116 709.0213 701.5676 695.9136 691.7767 688.9095 686.959 685.2219 685.5203 688.8762 694.4746 699.7748 703.9589 708.75 716.3235 726.8286 740.0294 756.1212 773.6353 793.8741 816.4994 841.2106 866.168 889.1775 907.4167 918.4566 921.0356 915.6392 902.0953 880.4476 851.4653 816.6359 778.6784 739.3881 698.5253 654.4685 608.1158 557.2782 503.645 449.8312 398.6276 352.5504 312.9698 278.7382
605.6354 649.2451 686.9305 718.9587 745.554 768.481 788.4649 805.2832 819.3485 831.3497 838.7621 842.789 844.7726 846.0269 846.7543 846.4323 844.8152 841.3039 835.0757 828.0607 820.511 810.6053 798.1718 784.4888 769.0737 752.5585 737.7059 726.1672 716.8514 708.6279 701.969 696.8439 692.5549 689.1255 688.3572 690.1717 694.4905 699.4712 704.2772 708.6093 715.3967 725.1999 738.0795 754.3048 773.0051 794.9537 818.954 844.4862 869.8155 891.8733 908.2829 917.0242 918.3707 912.4363 898.8154 877.6431 849.2313 814.9102 777.2646 738.0131 697.1414 653.1507 603.7416 549.2089 492.3655 435.5848 381.9212 333.9648 292.0115 255.6617
