SpatialData/ALLSOCIAL/hfd_merge_kern400.asc
ncols         299
nrows         658
xllcorner     582840.57256934
yllcorner     4505984.7454546
cellsize      30
NODATA_value  -9999
[rows 186 to 216 of 658, columns 140 to 209 of 299]
-9999 -9999 -9999 -9999 -9999 -9999 -9999 -9999 -9999 -9999 -9999 -9999 -9999 -9999 -9999 -9999 -9999 -9999 -9999 -9999 -9999 -9999 -9999 -9999 -9999 -9999 -9999 -9999 -9999 -9999 -9999 0.01759067 0.3822869 1.134878 2.171829 3.670789 6.528211 11.9777 20.29154 30.869 43.13995 56.74689 71.24439 85.93537 100.4796 114.419 127.4167 139.4975 150.4019 159.4187 166.0789 170.1464 171.4128 169.6908 165.0107 157.4867 147.5484 136.7072 125.7794 114.5839 103.6033 92.92345 82.6385 73.17538 64.99207 58.45404 53.16982 47.9406 43.57144 40.5877
-9999 -9999 -9999 -9999 -9999 -9999 -9999 -9999 -9999 -9999 -9999 -9999 -9999 -9999 -9999 -9999 -9999 -9999 -9999 -9999 -9999 -9999 -9999 -9999 -9999 -9999 -9999 -9999 -9999 -9999 -9999 0.02428932 0.4115357 1.184876 2.289824 4.158807 8.120941 15.03628 24.84199 36.70544 49.96657 64.11236 78.89481 93.69224 108.1105 121.9492 135.0061 147.3674 158.4846 167.5338 173.9115 177.3266 177.7745 175.3085 169.8488 161.742 151.7523 141.1152 130.3601 119.5002 108.8813 98.86372 89.33169 80.55679 72.83419 66.29897 59.86305 53.70016 48.35301 44.41515
-9999 -9999 -9999 -9999 -9999 -9999 -9999 -9999 -9999 -9999 -9999 -9999 -9999 -9999 -9999 -9999 -9999 -9999 -9999 -9999 -9999 -9999 -9999 -9999 -9999 -9999 -9999 -9999 -9999 0 0 0.019634 0.3915981 1.150865 2.366137 4.832618 10.04303 18.31157 29.33268 42.28663 56.36884 71.01279 85.91619 100.7512 115.0156 128.6552 141.9747 154.3692 165.3749 174.3009 180.3877 183.3091 183.0941 179.9279 174.0718 165.8011 156.118 145.8842 135.4081 125.0118 115.0673 106.0751 97.69884 89.92315 82.8996 75.94981 68.49632 61.35562 54.95849 49.83646
-9999 -9999 -9999 -9999 -9999 -9999 -9999 -9999 -9999 -9999 -9999 -9999 -9999 -9999 -9999 -9999 -9999 -9999 -9999 -9999 -9999 -9999 -9999 -9999 -9999 -9999 -9999 -9999 -9999 0 0 0.00730052 0.3261508 1.041728 2.459017 5.825619 12.19749 21.63696 33.62383 47.40918 62.14217 77.18117 92.09661 106.7238 120.9271 134.7263 148.1013 160.3521 170.9691 179.3575 184.9122 187.4178 186.7209 183.1201 177.1607 169.0687 159.8139 150.1905 140.4534 130.9599 122.1689 114.5568 107.7697 101.3175 94.80238 87.11543 78.85513 70.72141 63.23098 56.86678
-9999 -9999 -9999 -9999 -9999 -9999 -9999 -9999 -9999 -9999 -9999 -9999 -9999 -9999 -9999 -9999 -9999 -9999 -9999 -9999 -9999 -9999 -9999 -9999 -9999 -9999 -9999 -9999 0 0 0.001612241 0.009444458 0.2440719 0.9055941 2.83076 7.117577 14.48644 24.82228 37.52163 51.98533 67.21352 82.49248 97.39095 111.8381 125.9962 139.9516 153.1245 164.9084 175.0204 182.7638 187.6843 189.5408 188.4713 184.7719 178.657 170.904 162.3671 153.6772 145.2947 137.3378 130.2064 124.1773 119.0072 113.7316 107.1755 99.00156 90.12585 81.19217 72.83103 65.48244
-9999 -9999 -9999 -9999 -9999 -9999 -9999 -9999 -9999 -9999 -9999 -9999 -9999 -9999 -9999 -9999 -9999 -9999 -9999 -9999 -9999 -9999 -9999 -9999 -9999 -9999 -9999 -9999 0.03502982 0.08931143 0.1468481 0.1938068 0.3397814 1.115915 3.731314 8.80174 16.94279 27.92491 41.15826 56.0085 71.52453 86.906 101.8585 116.2684 130.2373 143.9132 156.7174 167.933 177.1931 184.1468 188.4945 189.8598 188.5467 184.8283 178.8028 171.4734 163.9435 156.6962 149.8839 143.7463 138.5206 134.2253 130.4175 125.8995 119.2075 110.8281 101.5959 92.31097 83.4731 75.64957
-9999 -9999 -9999 -9999 -9999 -9999 -9999 -9999 -9999 -9999 -9999 -9999 -9999 -9999 -9999 -9999 -9999 -9999 -9999 -9999 -9999 -9999 -9999 -9999 -9999 -9999 -9999 0.1322529 0.2526883 0.3774459 0.4882113 0.571152 0.665493 1.87399 5.203019 10.99616 19.7092 31.11328 44.62749 59.53012 75.08591 90.47461 105.3591 119.6531 133.3909 146.4889 158.5758 169.0958 177.5676 183.7338 187.3416 188.3392 186.9308 183.1943 177.6408 171.0827 164.5878 158.9348 153.909 149.6375 146.2661 143.6697 141.0368 136.7279 130.0874 121.9377 112.919 103.6414 94.60307 86.50107
-9999 -9999 -9999 -9999 -9999 -9999 -9999 -9999 -9999 -9999 -9999 -9999 -9999 -9999 -9999 -9999 -9999 -9999 -9999 -9999 -9999 -9999 -9999 -9999 -9999 -9999 -9999 0.4246421 0.6251407 0.8142191 0.9735637 1.089342 1.416663 3.248497 7.299875 13.70319 22.84849 34.5175 48.14353 62.92506 78.14829 93.30668 107.9161 121.8633 135.1432 147.6256 158.942 168.6178 176.188 181.5506 184.4863 185.2076 183.8087 180.3224 175.3954 169.8379 164.5596 160.3204 156.8783 154.3779 152.8147 151.7504 149.8777 145.6888 139.485 131.9773 123.426 114.3598 105.4397 97.28542
-9999 -9999 -9999 -9999 -9999 -9999 -9999 -9999 -9999 -9999 -9999 -9999 -9999 -9999 -9999 -9999 -9999 -9999 -9999 -9999 -9999 -9999 -9999 -9999 -9999 -9999 0.5561336 0.8318972 1.104799 1.352044 1.555318 1.724373 2.701347 5.32265 10.123 17.01828 26.39862 38.09129 51.58521 66.01235 80.67645 95.26161 109.2751 122.775 135.5403 147.4885 158.0835 166.965 173.6197 178.0884 180.3187 180.7484 179.3644 176.4457 172.2273 167.7099 163.6428 160.758 158.8255 157.8597 157.7427 157.8168 156.3823 152.7184 147.188 140.4181 132.4885 123.8963 115.4196 107.378
-9999 -9999 -9999 -9999 -9999 -9999 -9999 -9999 -9999 -9999 -9999 -9999 -9999 -9999 -9999 -9999 -9999 -9999 -9999 -9999 -9999 -9999 -9999 -9999 -9999 -9999 0.9577424 1.310981 1.648627 1.947884 2.19044 2.673048 4.583048 8.212711 13.75309 21.14314 30.67359 42.31413 55.40881 69.24703 83.15067 96.74247 109.7333 122.5256 134.8038 146.1767 156.076 164.147 170.0026 173.7239 175.4881 175.6294 174.3283 171.9026 168.3947 164.9053 161.947 160.0049 159.1898 159.5521 160.7188 161.5844 160.5967 157.5981 152.7706 146.7344 139.5764 131.6917 123.762 116.04
-9999 -9999 -9999 -9999 -9999 -9999 -9999 -9999 -9999 -9999 -9999 -9999 -9999 -9999 -9999 -9999 -9999 -9999 -9999 -9999 -9999 -9999 -9999 -9999 -9999 0.9807649 1.401859 1.823408 2.218138 2.563254 2.893061 4.163166 7.252716 12.07766 18.47079 26.29634 35.81651 47.18889 59.6604 72.63154 85.65488 98.17651 110.2426 122.1224 133.4364 143.8046 152.8004 160.0921 165.3355 168.3877 169.6261 169.4851 168.3276 166.2966 163.5334 160.8409 158.7995 157.6787 157.8756 159.3404 161.4592 162.7266 162.3497 160.0076 155.7858 150.5002 144.2654 137.2229 129.9453 122.7852
-9999 -9999 -9999 -9999 -9999 -9999 -9999 -9999 -9999 -9999 -9999 -9999 -9999 -9999 -9999 -9999 -9999 -9999 -9999 -9999 -9999 -9999 -9999 -9999 -9999 1.364586 1.854548 2.335244 2.779399 3.16422 4.024787 6.496426 10.80088 16.7229 23.92402 32.23542 41.68925 52.51877 64.23328 76.10772 87.99162 99.73569 110.9706 121.7908 132.0238 141.1954 149.0664 155.5054 160.1515 162.6235 163.1558 162.5668 161.3601 159.449 157.1524 155.1264 153.9532 153.6475 154.8166 157.282 159.8501 161.4492 161.5625 159.8237 156.2616 151.6646 146.3768 140.2956 133.9687 127.6065
-9999 -9999 -9999 -9999 -9999 -9999 -9999 -9999 -9999 -9999 -9999 -9999 -9999 -9999 -9999 -9999 -9999 -9999 -9999 -9999 -9999 -9999 -9999 -9999 1.204379 1.738264 2.286425 2.817104 3.303027 3.946805 5.899583 9.536531 15.00594 21.97078 29.9521 38.75949 48.29101 58.41351 69.11532 79.82417 90.71501 101.669 112.1439 121.9316 131.003 138.944 145.6806 150.8837 154.4302 156.2021 156.1625 155.0737 153.7189 151.7351 149.4927 147.8608 147.4502 148.2453 150.3769 153.3126 155.8613 157.5928 158.1113 156.912 154.0981 150.2693 145.8972 140.9699 135.8609 130.3271
-9999 -9999 -9999 -9999 -9999 -9999 -9999 -9999 -9999 -9999 -9999 -9999 -9999 -9999 -9999 -9999 -9999 -9999 -9999 -9999 -9999 -9999 -9999 -9999 1.488841 2.076968 2.672658 3.244157 3.859493 5.283541 8.363854 13.24515 19.83294 27.72376 36.44477 45.61604 55.2505 64.90176 74.42715 83.93481 94.06754 104.3218 114 122.7187 130.4981 137.2532 142.7807 146.7098 148.8566 149.4996 148.7525 147.2001 145.3925 143.2486 141.1704 139.9284 140.0078 141.6705 144.5599 147.4616 149.6363 151.4004 152.2156 151.6357 149.7041 146.7554 143.3839 139.6405 135.6096 130.8358
-9999 -9999 -9999 -9999 -9999 -9999 -9999 -9999 -9999 -9999 -9999 -9999 -9999 -9999 -9999 -9999 -9999 -9999 -9999 -9999 -9999 -9999 -9999 1.138622 1.73022 2.360413 2.992966 3.625722 4.670888 7.128718 11.48514 17.57967 25.25967 34.03785 43.42319 52.93761 62.54191 71.78313 80.36526 89.04251 98.52475 107.9898 116.6331 124.1116 130.6017 136.1778 140.3698 142.9661 143.797 143.0503 141.193 138.9348 136.6653 134.3611 132.3774 131.5568 132.1532 134.332 137.4872 139.9623 141.8114 143.5068 144.5986 144.7829 143.8943 141.9976 139.5757 136.7719 133.6251 129.3667
-9999 -9999 -9999 -9999 -9999 -9999 -9999 -9999 -9999 -9999 -9999 -9999 -9999 -9999 -9999 -9999 -9999 -9999 -9999 -9999 -9999 -9999 -9999 -9999 -9999 2.672744 3.323119 4.147355 5.915566 9.590345 15.27087 22.63991 31.33988 40.90408 50.78181 60.57426 70.02132 78.82049 86.84262 95.20428 103.9257 112.4451 120.0521 126.2663 131.3499 135.5229 138.3615 139.4754 138.9235 136.829 133.617 130.4671 127.6944 125.1982 123.3739 122.9869 124.1532 126.518 129.0596 131.0734 132.7428 134.435 135.9004 136.8176 136.9586 136.1492 134.5776 132.5146 129.914 126.0758
-9999 -9999 -9999 -9999 -9999 -9999 -9999 -9999 -9999 -9999 -9999 -9999 -9999 -9999 -9999 -9999 -9999 -9999 -9999 -9999 -9999 -9999 -9999 -9999 -9999 -9999 -9999 5.07373 7.896956 12.91126 19.8482 28.29208 37.7561 47.88882 58.07248 67.94356 77.23569 85.58871 93.68775 101.9333 110.0631 117.5337 123.8153 128.7611 132.564 135.1101 136.4904 136.2288 134.2504 130.9244 126.5169 122.2454 118.8426 116.0786 114.4508 114.4873 115.8441 117.8982 119.7062 121.1383 122.8619 124.8057 126.542 128.0647 129.0984 129.3132 128.5427 126.9677 124.5168 121.3451
-9999 -9999 -9999 -9999 -9999 -9999 -9999 -9999 -9999 -9999 -9999 -9999 -9999 -9999 -9999 -9999 -9999 -9999 -9999 -9999 -9999 -9999 -9999 -9999 -9999 -9999 -9999 6.575597 10.71462 16.95909 24.91228 34.15329 44.10537 54.51952 64.84032 74.65745 83.7537 92.02306 100.2802 108.4279 115.9798 122.5961 127.7667 131.4675 133.8886 134.9698 134.7303 133.1886 129.9869 125.4301 120.084 114.7229 110.639 107.6911 106.0936 105.9814 107.14 108.5742 109.654 110.6537 112.2172 114.4922 116.744 118.9448 120.7579 121.7556 121.5907 120.2483 117.8604 115.4067
-9999 -9999 -9999 -9999 -9999 -9999 -9999 -9999 -9999 -9999 -9999 -9999 -9999 -9999 -9999 -9999 -9999 -9999 -9999 -9999 -9999 -9999 -9999 -9999 -9999 -9999 -9999 8.757776 14.04239 21.2458 29.98016 39.76566 50.07916 60.50664 70.80431 80.50259 89.27246 97.6218 105.9481 113.9314 121.0147 126.9378 131.2398 134.0421 135.3615 135.1537 133.6259 130.7282 126.5254 120.9895 114.7195 108.377 103.5008 100.1652 98.19054 97.6937 98.37996 98.96522 99.51214 100.1889 101.5239 103.9107 106.5595 109.3503 111.8729 113.439 113.6887 112.5815 110.5604 108.7839
-9999 -9999 -9999 -9999 -9999 -9999 -9999 -9999 -9999 -9999 -9999 -9999 -9999 -9999 -9999 -9999 -9999 -9999 -9999 -9999 -9999 -9999 -9999 -9999 -9999 -9999 -9999 11.28364 17.45766 25.36188 34.64865 44.75233 55.26585 65.69172 75.80328 85.17388 93.70806 101.9357 110.1752 118.0527 124.8451 130.2081 133.8486 135.9172 136.4262 135.3542 132.8083 128.9612 123.9265 117.7128 110.6632 103.4944 97.46837 93.46303 91.03349 89.97237 89.6394 89.51155 89.59374 89.94873 91.10672 93.28852 96.11153 99.22034 102.1301 104.0061 104.5392 103.7689 102.5249 101.4859
-9999 -9999 -9999 -9999 -9999 -9999 -9999 -9999 -9999 -9999 -9999 -9999 -9999 -9999 -9999 -9999 -9999 -9999 -9999 -9999 -9999 -9999 -9999 -9999 -9999 -9999 -9999 13.8093 20.62432 28.99341 38.59015 48.84111 59.40612 69.83442 79.61716 88.54005 96.79708 104.9097 112.967 120.6181 127.1423 131.9781 135.1158 136.753 136.7633 135.0325 131.7399 127.0112 121.2229 114.6215 107.2149 99.6823 92.93436 88.05745 85.15923 83.21264 81.54237 80.50163 80.04375 80.07539 80.93296 82.80424 85.54108 88.70316 91.75885 93.71609 94.37136 94.06809 93.54797 93.42464
-9999 -9999 -9999 -9999 -9999 -9999 -9999 -9999 -9999 -9999 -9999 -9999 -9999 -9999 -9999 -9999 -9999 -9999 -9999 -9999 -9999 -9999 -9999 -9999 -9999 6.886394 10.54468 16.06804 23.28879 31.90994 41.57906 51.86383 62.33441 72.60135 82.10562 90.53007 98.5705 106.5751 114.3391 121.575 127.6523 132.1571 134.8699 136.029 135.5609 133.3527 129.4708 124.1202 117.7685 110.8004 103.3563 96.11225 89.53455 84.1433 80.55231 77.50343 74.61382 72.44894 71.07206 70.52344 70.83933 72.24737 74.82978 78.07127 81.09408 82.97672 83.78934 83.89441 84.0341 84.7557
-9999 -9999 -9999 -9999 -9999 -9999 -9999 -9999 -9999 -9999 -9999 -9999 -9999 -9999 -9999 -9999 -9999 -9999 -9999 -9999 -9999 -9999 -9999 -9999 -9999 7.96047 12.00565 17.86897 25.266 33.94649 43.49434 53.67056 63.94723 73.86131 83.01862 91.28741 99.10809 106.7746 114.1555 120.8388 126.5546 130.7668 133.0691 133.6516 132.6731 130.0353 125.732 119.9589 113.2597 106.2006 99.07109 92.29933 86.25434 81.08109 76.6473 72.38239 68.51624 65.21669 62.80102 61.38086 61.11408 62.13012 64.50545 67.53045 70.32979 72.0526 72.98531 73.4787 74.22179 75.53267
-9999 -9999 -9999 -9999 -9999 -9999 -9999 -9999 -9999 -9999 -9999 -9999 -9999 -9999 -9999 -9999 -9999 -9999 -9999 -9999 -9999 -9999 -9999 -9999 -9999 9.042974 13.20636 19.15791 26.53551 35.07726 44.37609 54.21257 64.15041 73.62573 82.45069 90.63892 98.34865 105.595 112.4562 118.7396 124.0813 127.9387 129.903 129.9799 128.4479 125.3515 120.6532 114.6274 107.7873 100.8142 94.26566 88.23168 82.86161 78.03512 73.11483 68.13179 63.53812 59.36361 55.92593 53.58894 52.53578 53.06151 54.92533 57.5066 59.90672 61.45415 62.47956 63.25191 64.39266 66.08961
-9999 -9999 -9999 -9999 -9999 -9999 -9999 -9999 -9999 -9999 -9999 -9999 -9999 -9999 -9999 -9999 -9999 -9999 -9999 -9999 -9999 -9999 -9999 -9999 7.628677 10.20609 14.32554 20.12028 27.23048 35.42528 44.3577 53.69931 63.06134 72.05965 80.59621 88.56107 96.14783 103.1943 109.633 115.5245 120.4101 123.826 125.4132 125.1271 123.184 119.6035 114.5375 108.3181 101.4871 94.81583 88.95325 83.70235 78.9994 74.41489 69.26106 64.04146 59.19635 54.76961 50.73632 47.54005 45.67646 45.41531 46.72601 48.80431 50.63489 51.9132 52.87091 53.77489 55.18036 56.91813
-9999 -9999 -9999 -9999 -9999 -9999 -9999 -9999 -9999 -9999 -9999 -9999 -9999 -9999 -9999 -9999 -9999 -9999 -9999 -9999 -9999 -9999 -9999 8.031713 9.173862 11.57228 15.33533 20.71432 27.41486 35.01252 43.42793 52.18851 60.85242 69.4 77.70808 85.4503 92.69205 99.42445 105.587 111.1174 115.582 118.5918 119.8064 119.1859 116.8936 113.0319 107.7563 101.4574 94.70115 88.3245 83.1078 78.70662 74.60699 70.0376 64.86606 59.58447 54.69522 50.30338 46.40392 43.04292 40.59528 39.73799 40.59408 42.01302 43.09582 43.95425 44.70255 45.52899 46.867 48.54078
-9999 -9999 -9999 -9999 -9999 -9999 -9999 -9999 -9999 -9999 -9999 -9999 -9999 -9999 -9999 -9999 -9999 -9999 -9999 -9999 -9999 -9999 -9999 10.28156 11.22251 13.29047 16.52492 21.09603 27.06911 33.98922 41.63941 49.71118 57.73725 65.90935 73.91854 81.41429 88.31732 94.73868 100.6955 105.8553 109.8669 112.4323 113.3071 112.371 109.6583 105.5141 100.1969 94.04134 87.57627 81.69469 77.11668 73.40382 69.46493 64.83267 59.69674 54.54866 49.87804 45.61547 41.83615 38.64878 36.43351 35.62138 36.24378 36.90726 37.30911 37.69351 38.24756 39.10977 40.29634 41.83245
-9999 -9999 -9999 -9999 -9999 -9999 -9999 -9999 -9999 -9999 -9999 -9999 -9999 -9999 -9999 -9999 -9999 -9999 -9999 -9999 -9999 12.6077 12.89939 12.96659 13.63405 15.26297 17.93316 21.59993 26.51497 32.454 39.19709 46.38988 53.94079 61.78989 69.53677 76.85261 83.4871 89.69463 95.38671 100.2755 103.8283 105.9065 106.3301 104.955 101.8979 97.43128 92.01163 86.04918 80.07503 74.88747 71.07748 67.67382 63.58827 58.86267 53.8021 48.78584 44.31096 40.35352 36.99741 34.30116 32.65506 32.5044 33.10358 33.4284 33.5449 33.745 34.2942 35.10669 35.93598 37.09009
-9999 -9999 -9999 -9999 -9999 -9999 -9999 -9999 -9999 -9999 -9999 -9999 -9999 -9999 -9999 -9999 -9999 -9999 -9999 -9999 -9999 15.60677 15.95619 15.97154 16.36298 17.5224 19.51464 22.28169 25.97962 30.7072 36.33211 42.58313 49.6749 57.37315 65.04156 72.22663 78.59745 84.45931 89.86453 94.40625 97.65562 99.32577 99.28726 97.46986 94.06045 89.34159 83.79523 77.95369 72.39809 67.93996 64.72865 61.24707 56.96974 52.15916 47.2559 42.52585 38.48339 35.14878 32.56446 30.7111 29.91427 30.24176 30.60834 30.99173 31.21189 31.63036 32.35989 33.027 33.40973 33.84173
-9999 -9999 -9999 -9999 -9999 -9999 -9999 -9999 -9999 -9999 -9999 -9999 -9999 -9999 -9999 -9999 -9999 -9999 -9999 -9999 17.90858 18.77643 19.17347 19.12933 19.18515 19.90347 21.22848 23.20019 25.70796 29.04558 33.32973 38.74794 45.45332 52.99567 60.55445 67.57713 73.76969 79.26695 84.30659 88.45123 91.31031 92.57214 92.15556 90.10026 86.49427 81.709 76.15737 70.45639 65.25928 61.27707 58.07671 54.3755 50.01921 45.3482 40.86641 36.78137 33.47257 30.98547 29.36119 28.54035 28.63764 29.02177 29.30996 29.71495 30.09338 30.66699 31.40677 32.00826 32.18023 31.97206
-9999 -9999 -9999 -9999 -9999 -9999 -9999 -9999 -9999 -9999 -9999 -9999 -9999 -9999 -9999 -9999 -9999 -9999 -9999 -9999 20.93643 21.90218 22.34159 22.28651 22.08793 22.35666 23.07444 24.28354 25.88581 27.85411 30.81965 35.44579 41.66236 48.81762 56.12565 62.9256 68.93114 74.15421 78.73221 82.47469 84.89819 85.89691 85.24538 83.02499 79.42385 74.71128 69.35149 63.89808 59.00031 55.06487 51.36615 47.48787 43.4095 39.32381 35.56358 32.33543 29.86926 28.35922 27.85269 28.08204 28.71138 29.11154 29.54077 30.15623 30.7331 31.13109 31.41415 31.63923 31.75026 31.43325
