SpatialData/ALLSOCIAL/income_fillmedian_matchextent.asc
ncols         299
nrows         658
xllcorner     582840.57256934
yllcorner     4505984.7454546
cellsize      30
NODATA_value  -9999
[rows 170 to 203 of 658, columns 152 to 227 of 299]
-9999 -9999 -9999 -9999 -9999 -9999 -9999 -9999 -9999 -9999 -9999 -9999 -9999 -9999 -9999 -9999 -9999 -9999 -9999 -9999 -9999 -9999 -9999 -9999 -9999 -9999 -9999 -9999 -9999 -9999 -9999 -9999 44891 44891 44891 44891 44891 44891 44891 44891 44891 44891 44891 44891 44891 44891 44891 44891 44891 44891 44891 44891 44891 44891 44891 44891 44891 19203 20804 20804 20804 20804 20804 32708 32708 73136 73136 73136 22354 22354 22354 22354 22354 22354 22354 22354
-9999 -9999 -9999 -9999 -9999 -9999 -9999 -9999 -9999 -9999 -9999 -9999 -9999 -9999 -9999 -9999 -9999 -9999 -9999 -9999 -9999 -9999 -9999 -9999 -9999 -9999 -9999 -9999 -9999 -9999 -9999 -9999 44891 44891 44891 44891 44891 44891 44891 44891 34464 34464 44891 44891 44891 44891 44891 44891 44891 44891 44891 44891 44891 44891 44891 44891 44891 35599 35599 20804 20804 20804 20804 32708 32708 73136 73136 13459 13459 13459 22354 22354 22354 22354 22354 22354
-9999 -9999 -9999 -9999 -9999 -9999 -9999 -9999 -9999 -9999 -9999 -9999 -9999 -9999 -9999 -9999 -9999 -9999 -9999 -9999 -9999 -9999 -9999 -9999 -9999 -9999 -9999 -9999 -9999 -9999 -9999 47330 44891 44891 44891 44891 44891 44891 44891 44891 34464 34464 34464 34464 44891 44891 44891 44891 44891 44891 44891 44891 44891 44891 44891 44891 44891 35599 35599 35599 35599 20804 32708 32708 32708 73136 73136 13459 13459 13459 13459 22354 22354 22354 22354 22354
-9999 -9999 -9999 -9999 -9999 -9999 -9999 -9999 -9999 -9999 -9999 -9999 -9999 -9999 -9999 -9999 -9999 -9999 -9999 -9999 -9999 -9999 -9999 -9999 -9999 -9999 -9999 -9999 -9999 -9999 -9999 47330 47330 47330 44891 44891 44891 44891 44891 34464 34464 34464 34464 34464 34464 44891 44891 44891 44891 44891 44891 44891 44891 44891 44891 44891 35599 35599 35599 35599 35599 35599 29083 32708 32708 73136 13459 13459 13459 13459 13459 22354 22354 22354 22354 22354
-9999 -9999 -9999 -9999 -9999 -9999 -9999 -9999 -9999 -9999 -9999 -9999 -9999 -9999 -9999 -9999 -9999 -9999 -9999 -9999 -9999 -9999 -9999 -9999 -9999 -9999 -9999 -9999 -9999 -9999 73136 47330 47330 47330 47330 47330 44891 44891 44891 34464 34464 34464 34464 34464 34464 33662 33662 44891 44891 44891 44891 44891 44891 44891 44891 44891 35599 35599 35599 35599 35599 35599 29083 29083 32708 73136 13459 13459 13459 13459 13459 13459 22354 22354 22354 22354
-9999 -9999 -9999 -9999 -9999 -9999 -9999 -9999 -9999 -9999 -9999 -9999 -9999 -9999 -9999 -9999 -9999 -9999 -9999 -9999 -9999 -9999 -9999 -9999 -9999 -9999 -9999 -9999 -9999 -9999 47330 47330 47330 47330 47330 47330 47330 47330 44891 34464 34464 34464 34464 34464 34464 33662 33662 33662 33662 44891 44891 44891 44891 44891 44891 35599 35599 35599 35599 35599 35599 35599 29083 29083 29083 41738 13459 13459 13459 13459 13459 13459 13459 22354 22354 22354
-9999 -9999 -9999 -9999 -9999 -9999 -9999 -9999 -9999 -9999 -9999 -9999 -9999 -9999 -9999 -9999 -9999 -9999 -9999 -9999 -9999 -9999 -9999 -9999 -9999 -9999 -9999 -9999 -9999 73136 47330 47330 47330 47330 47330 47330 47330 47330 47330 47330 34464 34464 34464 34464 33662 33662 33662 33662 33662 33662 33662 44891 44891 44891 44891 35599 35599 35599 35599 35599 35599 29083 29083 29083 29083 41738 41738 41738 13459 13459 13459 13459 13459 13459 13459 13459
-9999 -9999 -9999 -9999 -9999 -9999 -9999 -9999 -9999 -9999 -9999 -9999 -9999 -9999 -9999 -9999 -9999 -9999 -9999 -9999 -9999 -9999 -9999 -9999 -9999 -9999 -9999 -9999 -9999 47330 47330 47330 47330 47330 47330 47330 47330 47330 47330 47330 47330 47330 34464 34464 33662 33662 33662 33662 33662 33662 33662 33662 33662 44891 35599 35599 35599 35599 35599 35599 35599 29083 29083 29083 41738 41738 41738 41738 41738 41738 13459 13459 13459 13459 13459 13459
-9999 -9999 -9999 -9999 -9999 -9999 -9999 -9999 -9999 -9999 -9999 -9999 -9999 -9999 -9999 -9999 -9999 -9999 -9999 -9999 -9999 -9999 -9999 -9999 -9999 -9999 -9999 -9999 73136 47330 47330 47330 47330 47330 47330 47330 47330 47330 47330 47330 47330 47330 47330 31467 33662 33662 33662 33662 33662 33662 33662 33662 33662 33662 42717 35599 35599 35599 35599 35599 35599 29083 29083 29083 41738 41738 41738 41738 41738 41738 23500 23500 13459 13459 13459 13459
-9999 -9999 -9999 -9999 -9999 -9999 -9999 -9999 -9999 -9999 -9999 -9999 -9999 -9999 -9999 -9999 -9999 -9999 -9999 -9999 -9999 -9999 -9999 -9999 -9999 -9999 -9999 -9999 47330 47330 47330 47330 47330 47330 47330 47330 47330 47330 47330 47330 47330 47330 47330 31467 31467 33662 33662 33662 33662 33662 33662 33662 33662 42717 42717 42717 42717 35599 35599 35599 29083 29083 29083 41738 41738 41738 41738 41738 41738 23500 23500 23500 23500 23500 13459 13459
-9999 -9999 -9999 -9999 -9999 -9999 -9999 -9999 -9999 -9999 -9999 -9999 -9999 -9999 -9999 -9999 -9999 -9999 -9999 -9999 -9999 -9999 -9999 -9999 -9999 -9999 -9999 -9999 47330 47330 47330 47330 47330 47330 47330 47330 47330 47330 47330 47330 47330 47330 31467 31467 31467 31467 31467 33662 33662 33662 33662 33662 42717 42717 42717 42717 42717 42717 35599 35599 29083 29083 29083 41738 41738 41738 41738 41738 41738 23500 23500 23500 23500 40446 40446 13459
-9999 -9999 -9999 -9999 -9999 -9999 -9999 -9999 -9999 -9999 -9999 -9999 -9999 -9999 -9999 -9999 -9999 -9999 -9999 -9999 -9999 -9999 -9999 -9999 -9999 -9999 -9999 47330 47330 47330 47330 47330 47330 47330 47330 47330 47330 47330 47330 47330 47330 47330 31467 31467 31467 31467 31467 31467 31467 33662 33662 33662 42717 42717 42717 42717 42717 42717 42717 29083 29083 29083 41738 41738 41738 41738 41738 41738 41738 23500 23500 23500 23500 40446 40446 40446
-9999 -9999 -9999 -9999 -9999 -9999 -9999 -9999 -9999 -9999 -9999 -9999 -9999 -9999 -9999 -9999 -9999 -9999 -9999 -9999 -9999 -9999 -9999 -9999 -9999 -9999 73136 47330 47330 47330 47330 47330 47330 47330 47330 47330 47330 47330 47330 47330 47330 31467 31467 31467 31467 31467 31467 31467 31467 31467 31467 42717 42717 42717 42717 42717 42717 42717 29083 29083 29083 29083 41738 41738 41738 41738 41738 41738 23500 23500 23500 23500 40446 40446 40446 40446
-9999 -9999 -9999 -9999 -9999 -9999 -9999 -9999 -9999 -9999 -9999 -9999 -9999 -9999 -9999 -9999 -9999 -9999 -9999 -9999 -9999 -9999 -9999 -9999 -9999 -9999 47330 47330 47330 47330 47330 47330 47330 47330 47330 47330 47330 47330 47330 47330 30054 30054 31467 31467 31467 31467 31467 31467 31467 31467 31467 43444 43444 42717 42717 42717 42717 29083 29083 29083 29083 41738 41738 41738 41738 41738 41738 41738 23500 23500 23500 23500 40446 40446 40446 40446
-9999 -9999 -9999 -9999 -9999 -9999 -9999 -9999 -9999 -9999 -9999 -9999 -9999 -9999 -9999 -9999 -9999 -9999 -9999 -9999 -9999 -9999 -9999 -9999 -9999 32011 47330 47330 47330 47330 47330 47330 47330 47330 47330 47330 47330 47330 47330 47330 30054 30054 30054 30054 31467 31467 31467 31467 31467 31467 43444 43444 43444 43444 43444 42717 29083 29083 29083 29083 29083 41738 41738 41738 41738 41738 41738 23500 23500 23500 23500 40446 40446 40446 40446 40446
-9999 -9999 -9999 -9999 -9999 -9999 -9999 -9999 -9999 -9999 -9999 -9999 -9999 -9999 -9999 -9999 -9999 -9999 -9999 -9999 32011 32011 -9999 -9999 32011 32011 32011 32011 47330 47330 47330 47330 47330 47330 47330 47330 47330 47330 47330 30054 30054 30054 30054 30054 30054 31467 31467 31467 31467 31467 43444 43444 43444 43444 43444 39221 39221 29083 29083 29083 41738 41738 41738 41738 41738 41738 41738 23500 23500 23500 23500 40446 40446 40446 40446 40446
-9999 -9999 -9999 -9999 -9999 -9999 -9999 -9999 -9999 -9999 -9999 -9999 -9999 -9999 -9999 -9999 -9999 -9999 -9999 32011 32011 32011 32011 32011 32011 32011 32011 32011 32011 32011 47330 47330 47330 47330 42313 42313 47330 47330 47330 30054 30054 30054 30054 30054 30054 30054 30054 31467 31467 43444 43444 43444 43444 43444 39221 39221 39221 39221 29083 29083 41738 41738 41738 41738 41738 41738 23500 23500 23500 23500 40446 40446 40446 40446 40446 40446
-9999 -9999 -9999 -9999 -9999 -9999 -9999 -9999 -9999 -9999 -9999 -9999 -9999 -9999 -9999 -9999 -9999 -9999 -9999 32011 32011 32011 32011 32011 32011 32011 32011 32011 32011 32011 32011 32011 47330 42313 42313 42313 42313 42313 30054 30054 30054 30054 30054 30054 30054 30054 30054 30054 30054 43444 43444 43444 43444 43444 39221 39221 39221 39221 39221 33661 41738 41738 41738 41738 41738 41738 23500 23500 23500 40446 40446 40446 40446 40446 27143 27143
-9999 -9999 -9999 -9999 -9999 -9999 -9999 -9999 -9999 -9999 -9999 -9999 -9999 -9999 -9999 -9999 -9999 32011 32011 32011 32011 32011 32011 32011 32011 32011 32011 32011 32011 32011 32011 32011 42313 42313 42313 42313 42313 42313 37845 37845 30054 30054 30054 30054 30054 30054 30054 30054 43444 43444 43444 43444 43444 39221 39221 39221 39221 39221 33661 33661 33661 33661 41738 41738 41738 23500 23500 23500 23500 40446 40446 40446 40446 27143 27143 27143
-9999 -9999 -9999 -9999 -9999 -9999 -9999 -9999 -9999 -9999 -9999 -9999 -9999 -9999 -9999 -9999 -9999 37985 37985 32011 32011 32011 32011 32011 32011 32011 32011 32011 32011 32011 32011 42313 42313 42313 42313 42313 42313 37845 37845 37845 37845 37845 30054 30054 30054 30054 30054 30054 43444 43444 43444 43444 43444 39221 39221 39221 39221 33661 33661 33661 33661 33661 33661 33661 41738 23500 23500 23500 40446 40446 40446 27143 27143 27143 27143 27143
-9999 -9999 -9999 -9999 -9999 -9999 -9999 -9999 -9999 -9999 -9999 -9999 -9999 -9999 -9999 -9999 37985 37985 37985 37985 37985 32011 32011 32011 32011 32011 32011 32011 32011 32011 32011 32011 42313 42313 42313 42313 42313 37845 37845 37845 37845 37845 37845 37845 30054 30054 30054 43444 43444 43444 43444 43444 39221 39221 39221 39221 39221 33661 33661 33661 33661 33661 33661 33661 63250 63250 23500 23500 40446 40446 27143 27143 27143 27143 27143 27143
-9999 -9999 -9999 -9999 -9999 -9999 -9999 -9999 -9999 -9999 -9999 -9999 -9999 -9999 -9999 -9999 37985 37985 37985 37985 37985 37985 37985 32011 32011 32011 32011 32011 32011 32011 32011 32011 32011 42313 42313 42313 37845 37845 37845 37845 37845 37845 37845 37845 37845 30054 43444 43444 43444 43444 43444 43444 39221 39221 39221 39221 39221 33661 33661 33661 33661 33661 33661 33661 63250 63250 63250 48194 27143 27143 27143 27143 27143 27143 27143 27143
-9999 -9999 -9999 -9999 -9999 -9999 -9999 -9999 -9999 -9999 -9999 -9999 -9999 -9999 -9999 37985 37985 37985 37985 37985 37985 37985 37985 37985 32011 32011 32011 32011 32011 32011 32011 32011 32011 32011 32011 42313 37845 37845 37845 37845 37845 37845 37845 37845 37845 37845 43444 43444 43444 43444 43444 39221 39221 39221 39221 39221 33661 33661 33661 33661 33661 33661 33661 63250 63250 63250 63250 48194 48194 48194 27143 27143 27143 27143 27143 27143
-9999 -9999 -9999 -9999 -9999 -9999 -9999 -9999 -9999 -9999 -9999 -9999 -9999 -9999 -9999 37985 37985 37985 37985 37985 37985 37985 37985 37985 37985 37985 32011 32011 32011 32011 32011 32011 32011 32011 32011 34906 34906 37845 37845 37845 37845 37845 37845 37845 37845 43444 43444 43444 43444 43444 39221 39221 39221 39221 39221 39221 33661 33661 33661 33661 33661 33661 33661 63250 63250 63250 48194 48194 48194 48194 48194 27143 27143 27143 27143 27143
-9999 -9999 -9999 -9999 -9999 -9999 -9999 -9999 -9999 -9999 -9999 -9999 -9999 -9999 37985 37985 37985 37985 37985 37985 37985 37985 37985 37985 37985 37985 37985 37985 32011 32011 32011 32011 32011 32011 34906 34906 34906 34906 34906 37845 37845 37845 37845 37845 37845 43444 43444 43444 43444 43444 39221 39221 39221 39221 39221 33661 33661 33661 33661 33661 33661 33661 63250 63250 63250 63250 48194 48194 48194 48194 48194 48194 48194 27143 27143 27143
-9999 -9999 -9999 -9999 -9999 -9999 -9999 -9999 -9999 -9999 -9999 -9999 -9999 -9999 37985 37985 37985 37985 37985 37985 37985 37985 37985 37985 37985 37985 37985 37985 37985 37985 32011 32011 32011 32011 24676 34906 34906 34906 34906 34906 34906 37845 37845 37845 47107 47107 47107 43444 43444 39221 39221 39221 39221 39221 39221 33661 33661 33661 33661 33661 33661 33661 63250 63250 63250 48194 48194 48194 48194 48194 48194 48194 48194 48194 48194 9815
-9999 -9999 -9999 -9999 -9999 -9999 -9999 -9999 -9999 -9999 -9999 -9999 -9999 37985 37985 37985 37985 37985 37985 37985 37985 37985 37985 37985 37985 37985 37985 37985 37985 37985 37985 37985 32011 24676 24676 24676 24676 34906 34906 34906 34906 34906 34906 37845 47107 47107 47107 47107 47107 39221 39221 39221 39221 39221 33661 33661 33661 33661 33661 33661 33661 63250 63250 63250 63250 33158 48194 48194 48194 48194 48194 48194 48194 48194 48194 9815
-9999 -9999 -9999 -9999 -9999 -9999 -9999 -9999 -9999 -9999 -9999 -9999 -9999 37985 37985 37985 37985 37985 37985 37985 37985 37985 37985 37985 37985 37985 37985 37985 37985 37985 37985 37985 37985 24676 24676 24676 24676 24676 24676 34906 34906 34906 34906 47107 47107 47107 47107 47107 62386 62386 62386 39221 39221 39221 33661 33661 33661 33661 33661 33661 63250 63250 63250 63250 33158 33158 33158 33158 48194 48194 48194 48194 48194 48194 9815 9815
-9999 -9999 -9999 -9999 -9999 -9999 -9999 -9999 -9999 -9999 -9999 -9999 41333 37985 37985 37985 37985 37985 37985 37985 37985 37985 37985 37985 37985 37985 37985 37985 37985 37985 37985 37985 50795 50795 50795 24676 24676 24676 24676 24676 24676 34906 34906 47107 47107 47107 47107 47107 62386 62386 62386 62386 39221 33661 33661 33661 33661 33661 33661 33661 63250 63250 63250 63250 33158 33158 33158 33158 33158 33158 48194 48194 48194 48194 39856 9815
-9999 -9999 -9999 -9999 -9999 -9999 -9999 -9999 -9999 -9999 -9999 -9999 41333 41333 41333 37985 37985 37985 37985 37985 37985 37985 37985 37985 45426 45426 37985 37985 37985 37985 37985 37985 50795 50795 50795 50795 50795 24676 24676 24676 24676 24676 47107 47107 47107 47107 47107 62386 62386 62386 62386 62386 62386 24798 33661 33661 33661 33661 33661 63250 63250 63250 63250 33158 33158 33158 33158 33158 33158 33158 33158 48194 48194 39856 39856 39856
-9999 -9999 -9999 -9999 -9999 -9999 -9999 -9999 -9999 -9999 -9999 41333 41333 41333 41333 41333 41333 37985 37985 37985 37985 37985 37985 45426 45426 45426 45426 45426 37985 37985 37985 50795 50795 50795 50795 50795 50795 50795 50795 24676 24676 24676 47107 47107 47107 47107 47107 62386 62386 62386 62386 62386 24798 24798 24798 24798 33661 33661 33661 63250 63250 63250 33158 33158 33158 33158 33158 33158 33158 33158 33158 33158 33158 39856 39856 39856
-9999 -9999 -9999 -9999 -9999 -9999 -9999 -9999 -9999 -9999 -9999 -9999 -9999 41333 41333 41333 41333 41333 37985 37985 37985 37985 37985 45426 45426 45426 45426 45426 45426 45426 37985 50795 50795 50795 50795 50795 50795 50795 41250 41250 41250 47107 47107 47107 47107 47107 62386 62386 62386 62386 62386 62386 24798 24798 24798 24798 24798 24798 63250 63250 63250 63250 35978 35978 33158 33158 33158 33158 33158 33158 33158 33158 39856 39856 39856 39856
-9999 -9999 -9999 -9999 -9999 -9999 -9999 -9999 -9999 -9999 -9999 -9999 -9999 -9999 -9999 41333 41333 41333 41333 41333 37985 37985 37985 45426 45426 45426 45426 45426 45426 45426 50795 50795 50795 50795 50795 50795 50795 41250 41250 41250 41250 47107 47107 47107 47107 47107 62386 62386 62386 62386 62386 62386 24798 24798 24798 24798 24798 24798 45417 45417 63250 35978 35978 35978 35978 35978 33158 33158 33158 33158 33158 33158 39856 39856 39856 39856
-9999 -9999 -9999 -9999 -9999 -9999 -9999 -9999 -9999 -9999 -9999 -9999 -9999 -9999 -9999 41333 41333 41333 41333 41333 41333 41333 45426 45426 45426 45426 45426 45426 45426 45426 50795 50795 50795 50795 50795 41250 41250 41250 41250 41250 47107 47107 47107 47107 47107 62386 62386 62386 62386 62386 62386 24798 24798 24798 24798 24798 24798 45417 45417 45417 45417 35978 35978 35978 35978 35978 35978 35978 33158 33158 33158 33158 33158 39856 39856 39856
