SpatialData/ALLSOCIAL/income_fillmedian_matchextent.asc
ncols         299
nrows         658
xllcorner     582840.57256934
yllcorner     4505984.7454546
cellsize      30
NODATA_value  -9999
[rows 510 to 543 of 658, columns 0 to 75 of 299]
-9999 -9999 -9999 -9999 -9999 -9999 -9999 -9999 -9999 -9999 -9999 -9999 -9999 -9999 -9999 -9999 -9999 -9999 -9999 -9999 -9999 208264 208264 208264 208264 208264 208264 208264 208264 208264 208264 208264 208264 208264 208264 208264 208264 138036 84818 84818 84818 84818 61875 61875 61875 61875 61875 75221 87721 87721 87721 87721 87721 87721 86765 86765 86765 86765 120066 120066 120066 120066 120066 120066 120066 181103 181103 181103 176136 176136 176136 176136 176136 176136 176136 176136
-9999 -9999 -9999 -9999 -9999 -9999 -9999 -9999 -9999 -9999 -9999 -9999 -9999 -9999 -9999 -9999 -9999 -9999 -9999 -9999 -9999 208264 208264 208264 208264 208264 208264 208264 208264 208264 208264 208264 208264 208264 208264 208264 138036 138036 84818 84818 84818 84818 84818 84818 61875 61875 61875 75221 75221 75221 87721 87721 87721 87721 87721 87721 86765 120066 120066 120066 120066 120066 120066 120066 120066 120066 181103 176136 176136 176136 176136 176136 176136 176136 176136 176136
-9999 -9999 -9999 -9999 -9999 -9999 -9999 -9999 -9999 -9999 -9999 -9999 -9999 -9999 -9999 -9999 -9999 -9999 -9999 -9999 -9999 208264 208264 208264 208264 208264 208264 208264 208264 208264 208264 208264 208264 208264 208264 208264 138036 138036 84818 84818 84818 84818 84818 84818 84818 84818 75221 75221 75221 75221 75221 75221 87721 87721 87721 87721 87721 80703 120066 120066 120066 120066 120066 120066 120066 120066 120066 176136 176136 176136 176136 176136 176136 176136 176136 176136
-9999 -9999 -9999 -9999 -9999 -9999 -9999 -9999 -9999 -9999 -9999 -9999 -9999 -9999 -9999 -9999 -9999 -9999 -9999 -9999 73136 208264 208264 208264 208264 208264 208264 208264 208264 208264 208264 208264 208264 208264 208264 138036 138036 138036 84818 84818 84818 84818 84818 84818 84818 84818 75032 75032 75221 75221 75221 75221 75221 75221 87721 87721 80703 80703 80703 80703 120066 120066 120066 120066 120066 120066 176136 176136 176136 176136 176136 176136 176136 176136 176136 176136
-9999 -9999 -9999 -9999 -9999 -9999 -9999 -9999 -9999 -9999 -9999 -9999 -9999 -9999 -9999 -9999 -9999 -9999 -9999 -9999 -9999 208264 208264 208264 208264 208264 208264 208264 208264 208264 208264 119438 119438 119438 119438 138036 138036 138036 84818 84818 84818 84818 84818 84818 84818 103103 75032 75032 75032 75032 75221 75221 75221 75221 75221 147375 80703 80703 80703 80703 80703 80703 120066 120066 120066 120066 176136 176136 176136 176136 176136 176136 176136 176136 176136 176136
-9999 -9999 -9999 -9999 -9999 -9999 -9999 -9999 -9999 -9999 -9999 -9999 -9999 -9999 -9999 -9999 -9999 -9999 -9999 -9999 -9999 -9999 -9999 -9999 208264 208264 208264 208264 208264 208264 208264 119438 119438 119438 119438 138036 138036 138036 84818 84818 84818 84818 84818 84818 103103 103103 75032 75032 75032 75032 75032 75032 75221 75221 75221 147375 147375 147375 80703 80703 80703 80703 80703 120066 120066 176136 176136 176136 176136 176136 176136 176136 176136 176136 176136 176136
-9999 -9999 -9999 -9999 -9999 -9999 -9999 -9999 -9999 -9999 -9999 -9999 -9999 -9999 -9999 -9999 -9999 -9999 -9999 -9999 -9999 -9999 -9999 -9999 208264 208264 208264 208264 208264 208264 119438 119438 119438 119438 119438 138036 138036 138036 84818 84818 84818 84818 84818 103103 103103 103103 103103 75032 75032 75032 75032 75032 75032 75221 147375 147375 147375 147375 147375 147375 80703 80703 80703 80703 80703 176136 176136 176136 176136 176136 176136 176136 176136 176136 176136 176136
-9999 -9999 -9999 -9999 -9999 -9999 -9999 -9999 -9999 -9999 -9999 -9999 -9999 -9999 -9999 -9999 -9999 -9999 -9999 -9999 -9999 -9999 -9999 -9999 208264 208264 208264 208264 208264 208264 119438 119438 119438 119438 119438 138036 138036 138036 84818 84818 84818 84818 84818 103103 103103 103103 103103 75032 75032 75032 75032 75032 75032 75032 91818 147375 147375 147375 147375 147375 147375 80703 80703 80703 108988 108988 108988 176136 176136 176136 176136 176136 176136 176136 176136 176136
-9999 -9999 -9999 -9999 -9999 -9999 -9999 -9999 -9999 -9999 -9999 -9999 -9999 -9999 -9999 -9999 -9999 -9999 -9999 -9999 -9999 -9999 208264 208264 208264 208264 208264 208264 208264 208264 119438 119438 119438 119438 119438 138036 138036 138036 84818 84818 84818 84818 103103 103103 103103 103103 103103 103103 75032 75032 75032 75032 75032 91818 91818 91818 91818 147375 147375 147375 147375 147375 147375 80703 108988 108988 108988 108988 108988 176136 176136 176136 176136 176136 176136 144191
-9999 -9999 -9999 -9999 -9999 -9999 -9999 -9999 -9999 -9999 -9999 -9999 -9999 -9999 -9999 -9999 -9999 -9999 -9999 -9999 -9999 -9999 -9999 -9999 208264 208264 73642 73642 73642 73642 119438 119438 119438 119438 119438 138036 138036 84818 84818 84818 84818 86451 103103 103103 103103 103103 103103 103103 75032 75032 75032 75032 75032 91818 91818 91818 91818 91818 91818 147375 147375 147375 147375 121250 121250 108988 108988 108988 108988 108988 108988 176136 176136 176136 176136 144191
-9999 -9999 -9999 -9999 -9999 -9999 -9999 -9999 -9999 -9999 -9999 -9999 -9999 -9999 -9999 -9999 -9999 -9999 -9999 -9999 -9999 -9999 -9999 -9999 208264 208264 73642 73642 73642 73642 119438 119438 119438 119438 119438 138036 138036 84818 84818 84818 86451 86451 103103 103103 103103 104447 104447 104447 75032 75032 75032 75032 119669 119669 119669 91818 91818 91818 91818 91818 91818 147375 147375 121250 121250 121250 121250 108988 108988 108988 108988 108988 108988 176136 144191 144191
-9999 -9999 -9999 -9999 -9999 -9999 -9999 -9999 -9999 -9999 -9999 -9999 -9999 -9999 -9999 -9999 -9999 -9999 -9999 -9999 -9999 -9999 -9999 73136 208264 208264 73642 73642 73642 73642 119438 119438 119438 119438 119438 138036 138036 84818 84818 86451 86451 86451 86451 104447 104447 104447 104447 104447 104447 75032 75032 75032 119669 119669 119669 119669 119669 91818 91818 91818 91818 91818 138173 121250 121250 121250 121250 121250 121250 108988 108988 108988 108988 108988 144191 144191
-9999 -9999 -9999 -9999 -9999 -9999 -9999 -9999 -9999 -9999 -9999 -9999 -9999 -9999 -9999 -9999 -9999 -9999 -9999 -9999 -9999 -9999 -9999 73136 208264 208264 73642 73642 73642 73642 119438 119438 119438 119438 119438 138036 138036 84818 86451 86451 86451 86451 86451 104447 104447 104447 104447 104447 104447 75032 75032 160186 160186 119669 119669 119669 119669 119669 91818 91818 91818 91818 138173 138173 138173 121250 121250 121250 121250 121250 121250 108988 108988 144191 144191 144191
-9999 -9999 -9999 -9999 -9999 -9999 -9999 -9999 -9999 -9999 -9999 -9999 -9999 -9999 -9999 -9999 -9999 -9999 -9999 -9999 -9999 -9999 -9999 73136 208264 208264 73642 73642 73642 73642 119438 119438 119438 119438 119438 138036 138036 86451 86451 86451 86451 86451 86451 104447 104447 104447 104447 104447 104447 104447 75032 160186 160186 160186 160186 119669 119669 119669 119669 119669 91818 138173 138173 138173 138173 138173 121250 121250 121250 121250 121250 121250 121250 144191 144191 144191
-9999 -9999 -9999 -9999 -9999 -9999 -9999 -9999 -9999 -9999 -9999 -9999 -9999 -9999 -9999 -9999 -9999 -9999 -9999 -9999 -9999 -9999 -9999 73136 208264 208264 73642 73642 73642 73642 119438 119438 119438 119438 119438 138036 138036 86451 86451 86451 86451 86451 86451 104447 104447 104447 104447 104447 104447 104447 160186 160186 160186 160186 160186 160186 119669 119669 119669 119669 138173 138173 138173 138173 138173 138173 138173 138173 121250 121250 121250 121250 144191 144191 144191 144191
-9999 -9999 -9999 -9999 -9999 -9999 -9999 -9999 -9999 -9999 -9999 -9999 -9999 -9999 -9999 -9999 -9999 -9999 -9999 -9999 -9999 -9999 -9999 208264 208264 208264 73642 73642 73642 73642 119438 119438 107054 107054 107054 84970 84970 86451 86451 86451 86451 86451 86451 104447 104447 110123 110123 110123 127606 127606 127606 160186 160186 160186 160186 160186 160186 160186 119669 119669 138173 138173 138173 138173 138173 138173 138173 138173 138173 138173 121250 121250 144191 144191 144191 144191
-9999 -9999 -9999 -9999 -9999 -9999 -9999 -9999 -9999 -9999 -9999 -9999 -9999 -9999 -9999 -9999 -9999 -9999 -9999 -9999 -9999 -9999 -9999 208264 208264 208264 73642 107054 107054 107054 107054 107054 107054 107054 84970 84970 84970 86451 86451 86451 106297 106297 106297 106297 110123 110123 110123 110123 127606 127606 127606 160186 160186 160186 160186 160186 160186 160186 160186 112083 138173 138173 138173 138173 138173 138173 138173 138173 138173 138173 138173 140313 144191 144191 144191 144191
-9999 -9999 -9999 -9999 -9999 -9999 -9999 -9999 -9999 -9999 -9999 -9999 -9999 -9999 -9999 -9999 -9999 -9999 -9999 -9999 -9999 -9999 -9999 135597 135597 135597 107054 107054 107054 107054 107054 107054 107054 107054 84970 84970 84970 97857 97857 106297 106297 106297 106297 106297 110123 110123 110123 110123 127606 127606 127606 127606 160186 160186 160186 160186 160186 160186 160186 112083 112083 112083 138173 138173 138173 138173 138173 138173 138173 138173 138173 140313 140313 140313 144191 144191
-9999 -9999 -9999 -9999 -9999 -9999 -9999 -9999 -9999 -9999 -9999 -9999 -9999 -9999 -9999 -9999 -9999 -9999 -9999 -9999 -9999 -9999 -9999 135597 135597 107054 107054 107054 107054 107054 107054 107054 107054 107054 84970 84970 97857 97857 97857 106297 106297 106297 106297 106297 110123 110123 110123 110123 110123 127606 127606 127606 160186 160186 160186 160186 160186 160186 112083 112083 112083 112083 112083 112083 138173 138173 138173 138173 138173 138173 140313 140313 140313 140313 140313 140313
-9999 -9999 -9999 -9999 -9999 -9999 -9999 -9999 -9999 -9999 -9999 -9999 -9999 -9999 -9999 -9999 -9999 -9999 -9999 -9999 -9999 -9999 -9999 135597 135597 107054 107054 107054 107054 107054 107054 107054 107054 107054 84970 84970 97857 97857 97857 97857 106297 106297 106297 106297 110123 110123 110123 110123 110123 127606 127606 127606 127606 160186 160186 160186 160186 160186 112083 112083 112083 112083 112083 112083 112083 112083 138173 138173 138173 138173 140313 140313 140313 140313 140313 140313
-9999 -9999 -9999 -9999 -9999 -9999 -9999 -9999 -9999 -9999 -9999 -9999 -9999 -9999 -9999 -9999 -9999 -9999 -9999 -9999 -9999 -9999 -9999 135597 135597 107054 107054 107054 107054 107054 107054 107054 107054 135597 84970 84970 97857 97857 97857 97857 106297 106297 106297 106297 106297 110123 110123 110123 110123 127606 127606 127606 127606 160186 160186 160186 160186 112083 112083 112083 112083 112083 112083 112083 112083 112083 112083 112083 138173 140313 140313 140313 140313 140313 140313 140313
-9999 -9999 -9999 -9999 -9999 -9999 -9999 -9999 -9999 -9999 -9999 -9999 -9999 -9999 -9999 -9999 -9999 -9999 -9999 -9999 -9999 -9999 -9999 135597 135597 107054 107054 107054 135597 135597 135597 135597 135597 135597 84970 84970 97857 97857 97857 97857 98077 98077 98077 98077 98077 110123 110123 110123 110123 127606 127606 127606 127606 127606 160186 160186 160186 150568 112083 112083 112083 112083 112083 112083 112083 112083 112083 112083 140313 140313 140313 140313 140313 140313 140313 113007
-9999 -9999 -9999 -9999 -9999 -9999 -9999 -9999 -9999 -9999 -9999 -9999 -9999 -9999 -9999 -9999 -9999 -9999 -9999 -9999 -9999 -9999 -9999 135597 135597 135597 135597 135597 135597 135597 135597 135597 135597 84970 84970 84970 97857 97857 97857 97857 98077 98077 98077 98077 98077 110123 110123 110123 110123 110123 127606 127606 127606 127606 160186 160186 150568 150568 150568 150568 112083 112083 112083 112083 112083 112083 112083 112083 140313 140313 140313 140313 140313 140313 140313 113007
-9999 -9999 -9999 -9999 -9999 -9999 -9999 -9999 -9999 -9999 -9999 -9999 -9999 -9999 -9999 -9999 -9999 -9999 -9999 -9999 -9999 -9999 -9999 135597 135597 135597 135597 135597 135597 135597 135597 135597 135597 84970 84970 84970 97857 97857 97857 97857 97857 98077 98077 98077 98077 110123 110123 110123 110123 110123 127606 127606 127606 127606 160186 160186 100725 150568 150568 150568 150568 150568 112083 112083 112083 112083 112083 140313 140313 140313 140313 140313 140313 140313 113007 113007
-9999 -9999 -9999 -9999 -9999 -9999 -9999 -9999 -9999 -9999 -9999 -9999 -9999 -9999 -9999 -9999 -9999 -9999 -9999 -9999 -9999 -9999 -9999 135597 135597 135597 135597 135597 135597 135597 135597 135597 135597 84970 84970 84970 97857 97857 151667 151667 151667 98077 98077 98077 98077 98077 110123 110123 110123 110123 96250 96250 96250 96250 96250 100725 100725 100725 100725 150568 150568 150568 150568 150568 112083 112083 112083 140313 140313 140313 140313 140313 140313 111731 111731 113007
-9999 -9999 -9999 -9999 -9999 -9999 -9999 -9999 -9999 -9999 -9999 -9999 -9999 -9999 -9999 -9999 -9999 -9999 -9999 -9999 -9999 -9999 -9999 135597 135597 135597 135597 135597 135597 135597 135597 135597 135597 84970 84970 84970 151667 151667 151667 151667 151667 98077 98077 98077 98077 98077 96250 96250 96250 96250 96250 96250 96250 96250 96250 100725 100725 100725 100725 100725 100725 150568 150568 150568 150568 150568 140313 140313 140313 140313 140313 140313 140313 111731 111731 111731
-9999 -9999 -9999 -9999 -9999 -9999 -9999 -9999 -9999 -9999 -9999 -9999 -9999 -9999 -9999 -9999 -9999 -9999 -9999 -9999 -9999 -9999 -9999 135597 135597 135597 135597 135597 135597 135597 135597 135597 135597 84970 84970 84970 151667 151667 151667 151667 97813 97813 98077 98077 98077 98077 96250 96250 96250 96250 96250 96250 96250 96250 101265 101265 101265 100725 100725 100725 100725 100725 150568 150568 150568 150568 152917 152917 140313 140313 140313 140313 111731 111731 111731 111731
-9999 -9999 -9999 -9999 -9999 -9999 -9999 -9999 -9999 -9999 -9999 -9999 -9999 -9999 -9999 -9999 -9999 -9999 -9999 -9999 -9999 -9999 -9999 135597 135597 135597 135597 135597 135597 135597 135597 135597 84970 84970 84970 97813 97813 97813 97813 97813 97813 97813 98077 98077 98077 98077 98077 96250 96250 96250 96250 96250 96250 101265 101265 101265 101265 101265 101265 100725 100725 100725 100725 100725 150568 152917 152917 152917 152917 152917 140313 111731 111731 111731 111731 111731
-9999 -9999 -9999 -9999 -9999 -9999 -9999 -9999 -9999 -9999 -9999 -9999 -9999 -9999 -9999 -9999 -9999 -9999 -9999 -9999 -9999 -9999 73136 135597 135597 135597 135597 135597 135597 135597 135597 156719 156719 156719 156719 97813 97813 97813 97813 97813 97813 97813 97813 98077 98077 98077 98077 64857 96250 96250 96250 96250 96250 159441 159441 101265 101265 101265 101265 101265 101265 100725 100725 100725 100725 152917 152917 152917 152917 152917 152917 111731 111731 111731 111731 111731
-9999 -9999 -9999 -9999 -9999 -9999 -9999 -9999 -9999 -9999 -9999 -9999 -9999 -9999 -9999 -9999 -9999 -9999 -9999 -9999 -9999 -9999 73136 135597 135597 135597 135597 156719 156719 156719 156719 156719 156719 156719 156719 97813 97813 97813 97813 97813 97813 97813 97813 98077 98077 64857 64857 64857 96250 96250 96250 96250 159441 159441 159441 159441 101265 101265 101265 101265 101265 101265 101265 100725 152917 152917 152917 152917 152917 152917 74792 74792 74792 111731 111731 111731
-9999 -9999 -9999 -9999 -9999 -9999 -9999 -9999 -9999 -9999 -9999 -9999 -9999 -9999 -9999 -9999 -9999 -9999 -9999 -9999 -9999 -9999 73136 156719 156719 156719 156719 156719 156719 156719 156719 156719 156719 156719 156719 97813 97813 97813 97813 97813 97813 97813 73011 73011 64857 64857 64857 64857 64857 96250 96250 96250 159441 159441 159441 159441 159441 159441 101265 101265 101265 101265 101265 101265 174750 152917 152917 152917 152917 152917 74792 74792 74792 74792 74792 111731
-9999 -9999 -9999 -9999 -9999 -9999 -9999 -9999 -9999 -9999 -9999 -9999 -9999 -9999 -9999 -9999 -9999 -9999 -9999 -9999 -9999 -9999 73136 156719 156719 156719 156719 156719 156719 156719 156719 156719 156719 156719 156719 97813 97813 97813 97813 97813 73011 73011 73011 100833 64857 64857 64857 64857 64857 64857 96250 159441 159441 159441 159441 159441 159441 159441 159441 101265 101265 101265 101265 174750 174750 174750 152917 152917 152917 89676 89676 89676 74792 74792 74792 74792
-9999 -9999 -9999 -9999 -9999 -9999 -9999 -9999 -9999 -9999 -9999 -9999 -9999 -9999 -9999 -9999 -9999 -9999 -9999 -9999 -9999 -9999 156719 156719 156719 156719 156719 156719 156719 156719 156719 156719 156719 156719 156719 97813 97813 97813 73011 73011 73011 73011 73011 100833 64857 64857 64857 64857 64857 64857 64857 159441 159441 159441 159441 159441 159441 159441 159441 159441 159441 101265 101265 174750 174750 174750 174750 174750 89676 89676 89676 89676 89676 89676 74792 74792
-9999 -9999 -9999 -9999 -9999 -9999 -9999 -9999 -9999 -9999 -9999 -9999 -9999 -9999 -9999 -9999 -9999 -9999 -9999 -9999 -9999 -9999 156719 156719 156719 156719 156719 156719 156719 156719 156719 156719 156719 156719 156719 73011 73011 73011 73011 73011 73011 73011 100833 100833 100833 64857 64857 64857 64857 64857 159441 159441 159441 159441 159441 159441 159441 159441 159441 159441 159441 159441 174750 174750 174750 174750 174750 174750 81464 81464 89676 89676 89676 89676 89676 74792
