SpatialData/ALLSOCIAL/income_fillmedian_matchextent.asc
ncols         299
nrows         658
xllcorner     582840.57256934
yllcorner     4505984.7454546
cellsize      30
NODATA_value  -9999
[rows 272 to 305 of 658, columns 152 to 227 of 299]
52417 52417 52417 107014 107014 107014 107014 107014 107014 107014 107014 107014 107014 107014 107014 107014 51920 51920 40536 40536 40536 40536 40536 40536 45443 28864 28864 28864 28864 28864 28864 28864 28864 28864 51991 51991 51991 46023 46023 46023 46023 46023 46023 46023 68796 68796 68796 68796 68796 68796 73136 73136 73136 73136 73136 73136 73136 73136 73136 73136 73136 73136 70833 70833 70833 70833 70833 70833 14561 14561 14561 14561 14561 14561 14561 14561
52417 52417 107014 107014 107014 107014 107014 107014 107014 107014 107014 107014 107014 107014 107014 107014 51920 51920 40536 40536 40536 40536 40536 45443 45443 45443 45443 28864 28864 28864 28864 28864 28864 51991 51991 51991 51991 51991 51991 46023 46023 46023 46023 46023 55469 68796 68796 68796 68796 68796 73136 73136 73136 73136 73136 73136 73136 73136 73136 73136 73136 70833 70833 70833 70833 70833 70833 14561 14561 14561 14561 14561 14561 14561 14561 14561
76714 52417 107014 107014 107014 107014 107014 107014 107014 107014 107014 107014 107014 107014 107014 107014 57083 40536 40536 40536 40536 40536 40536 45443 45443 45443 45443 45443 45443 28864 28864 28864 28864 51991 51991 51991 51991 51991 51991 51991 51991 46023 46023 55469 55469 55469 68796 68796 68796 68796 68796 68796 73136 73136 73136 73136 73136 73136 73136 73136 73136 70833 70833 70833 70833 70833 70833 32548 32548 14561 14561 14561 14561 14561 14561 14561
76714 107014 107014 107014 107014 107014 107014 107014 107014 107014 107014 107014 107014 107014 107014 107014 57083 57083 57083 40536 40536 40536 45443 45443 45443 45443 45443 45443 45443 45443 45443 28864 51991 51991 51991 51991 51991 51991 51991 51991 51991 51991 51991 55469 55469 55469 55469 55469 68796 68796 68796 68796 68796 68796 73136 73136 73136 73136 73136 73136 70833 70833 70833 70833 70833 70833 32548 32548 32548 32548 32548 14561 14561 14561 14561 14561
76714 107014 107014 107014 107014 107014 107014 107014 107014 107014 107014 107014 107014 107014 107014 107014 57083 57083 57083 57083 57083 45443 45443 45443 45443 45443 45443 45443 45443 45443 45443 45443 39762 51991 51991 51991 51991 51991 51991 51991 51991 51991 55469 55469 55469 55469 55469 55469 55469 55469 68796 68796 68796 68796 70833 70833 73136 73136 73136 73136 70833 70833 70833 70833 70833 70833 32548 32548 32548 32548 32548 32548 14561 14561 14561 14561
107014 107014 107014 107014 107014 107014 107014 107014 107014 107014 107014 107014 107014 107014 107014 107014 57083 57083 57083 57083 57083 41007 41007 45443 45443 45443 45443 45443 45443 45443 45443 39762 39762 39762 39762 51991 51991 51991 51991 51991 51991 51991 55469 55469 55469 55469 55469 55469 55469 55469 55469 55469 68796 70833 70833 70833 70833 70833 73136 70833 70833 70833 70833 70833 70833 32548 32548 32548 32548 32548 32548 14561 14561 14561 14561 14561
29844 29844 107014 107014 107014 107014 107014 107014 107014 107014 107014 107014 107014 107014 107014 57083 57083 57083 57083 57083 41007 41007 41007 41007 41007 45443 45443 45443 45443 45443 45443 39762 39762 39762 39762 39762 39762 51991 51991 51991 51991 55469 55469 55469 55469 55469 55469 55469 55469 55469 55469 55469 55469 58598 70833 70833 70833 70833 70833 70833 70833 70833 70833 70833 70833 32548 32548 32548 32548 32548 32548 14561 14561 14561 14561 14561
29844 29844 29844 29844 107014 107014 107014 107014 107014 107014 107014 107014 107014 107014 107014 57083 57083 57083 57083 57083 41007 41007 41007 41007 41007 41007 41007 45443 45443 45443 39762 39762 39762 39762 39762 39762 39762 39762 51991 51991 51991 55469 55469 55469 55469 55469 55469 55469 55469 55469 55469 55469 58598 58598 58598 58598 70833 70833 70833 70833 70833 70833 70833 70833 12292 12292 12292 32548 32548 32548 12292 12292 14561 14561 14561 14561
29844 29844 29844 29844 29844 29844 107014 107014 107014 107014 107014 107014 107014 107014 57083 57083 57083 57083 57083 41007 41007 41007 41007 41007 41007 41007 41007 41007 41007 45443 39762 39762 39762 39762 39762 39762 39762 39762 39762 39762 55469 55469 55469 55469 55469 55469 55469 55469 55469 55469 55469 55469 58598 58598 58598 58598 58598 70833 70833 70833 70833 70833 70833 70833 12292 12292 12292 12292 12292 32548 12292 12292 12292 12292 14561 20313
29844 29844 29844 29844 29844 29844 29844 29844 107014 107014 107014 107014 107014 57083 57083 57083 57083 57083 57083 41007 41007 41007 41007 41007 41007 41007 41007 41007 41007 27331 39762 39762 39762 39762 39762 39762 39762 39762 39762 39762 55469 55469 55469 55469 55469 55469 55469 55469 55469 55469 55469 58598 58598 58598 58598 58598 58598 58598 58598 70833 70833 70833 70833 12292 12292 12292 12292 12292 12292 12292 12292 12292 12292 12292 12292 15080
29844 29844 29844 29844 29844 29844 29844 29844 33602 33602 107014 107014 107014 57083 57083 57083 57083 57083 29258 29258 29258 41007 41007 41007 41007 41007 41007 41007 41007 27331 27331 27331 39762 39762 39762 39762 39762 39762 39762 55469 55469 55469 55469 55469 55469 55469 55469 55469 55469 55469 55469 58598 58598 58598 58598 58598 58598 58598 58598 58598 58598 70833 70833 12292 12292 12292 12292 12292 12292 12292 12292 12292 12292 12292 15080 15080
20039 29844 29844 29844 29844 29844 29844 33602 33602 33602 33602 107014 57083 57083 57083 57083 57083 57083 29258 29258 29258 29258 29258 41007 41007 41007 41007 41007 27331 27331 27331 27331 40081 40081 39762 39762 39762 39762 11280 11280 55469 55469 55469 55469 55469 55469 55469 55469 55469 55469 15238 15238 58598 58598 58598 58598 58598 58598 58598 58598 58598 58598 22583 12292 12292 12292 12292 12292 12292 12292 12292 12292 12292 12292 15080 15080
20039 20039 29844 29844 29844 29844 29844 33602 33602 33602 33602 33602 51611 57083 57083 57083 57083 29258 29258 29258 29258 29258 29258 29258 29258 41007 41007 41007 27331 27331 27331 27331 40081 40081 40081 40081 39762 39762 11280 11280 11280 55469 55469 55469 55469 55469 55469 55469 55469 55469 15238 15238 15238 15238 58598 58598 58598 58598 58598 58598 58598 22583 22583 22583 22583 12292 12292 12292 12292 12292 12292 12292 12292 15080 15080 15080
20039 20039 20039 20039 29844 29844 33602 33602 33602 33602 33602 51611 51611 51611 51611 57083 57083 29258 29258 29258 29258 29258 29258 29258 29258 29258 29258 27331 27331 27331 27331 27331 40081 40081 40081 40081 40081 11280 11280 11280 11280 11280 11280 55469 55469 55469 55469 55469 55469 15238 15238 15238 15238 15238 15238 58598 58598 58598 58598 58598 58598 22583 22583 22583 22583 22583 22583 12292 12292 12292 12292 12292 12292 15080 15080 15080
20039 20039 20039 20039 20039 20039 33602 33602 33602 33602 33602 51611 51611 51611 51611 51611 73136 73136 29258 29258 29258 29258 29258 29258 29258 29258 62865 62865 62865 27331 27331 27331 40081 40081 40081 40081 40081 11280 11280 11280 11280 11280 18775 18775 18775 55469 55469 55469 55469 15238 15238 15238 15238 15238 58598 58598 58598 58598 58598 58598 22583 22583 22583 22583 22583 22583 25758 25758 25758 12292 12292 12292 70867 70867 15080 15080
20039 20039 20039 20039 20039 40485 40485 40485 33602 33602 51611 51611 51611 51611 51611 73136 73136 73136 73136 29258 29258 29258 29258 29258 29258 29258 62865 62865 62865 62865 27331 27331 40081 40081 40081 40081 11280 11280 11280 11280 11280 18775 18775 18775 18775 18775 18775 55469 15238 15238 15238 15238 15238 15238 58598 58598 58598 58598 58598 58598 22583 22583 22583 22583 22583 22583 25758 25758 25758 25758 12292 12292 70867 70867 70867 70867
20039 20039 20039 20039 20039 40485 40485 40485 40485 40485 51611 51611 51611 51611 51611 73136 73136 73136 73136 73136 73136 29258 29258 29258 29258 40081 40081 62865 62865 62865 62865 62865 40081 40081 40081 40081 11280 11280 11280 11280 11280 18775 18775 18775 18775 18775 18775 18775 18712 15238 15238 15238 15238 58598 58598 58598 58598 58598 58598 44259 44259 22583 22583 22583 22583 25758 25758 25758 25758 25758 25758 40520 70867 70867 70867 70867
20039 20039 20039 20039 40485 40485 40485 40485 40485 53421 53421 53421 51611 51611 73136 73136 73136 73136 73136 73136 73136 73136 73136 29258 29258 40081 40081 40081 62865 62865 62865 62865 40081 40081 40081 11280 11280 11280 11280 11280 11280 18775 18775 18775 18775 18775 18775 18712 18712 18712 18712 15238 15238 58598 58598 58598 58598 58598 58598 44259 44259 44259 44259 22583 22583 25758 25758 25758 25758 25758 25758 40520 40520 40520 70867 70867
39732 39732 20039 40485 40485 40485 40485 40485 40485 53421 53421 53421 53421 53421 73136 73136 73136 73136 73136 73136 73136 73136 73136 73136 73136 40081 40081 40081 40081 40081 62865 62865 40081 40081 40081 34167 11280 11280 11280 11280 18775 18775 18775 18775 18775 18775 18712 18712 18712 18712 18712 18712 19649 58598 58598 58598 58598 58598 44259 44259 44259 44259 44259 44259 25758 25758 25758 25758 25758 25758 40520 40520 40520 40520 40520 40520
39732 39732 39732 37031 40485 40485 40485 40485 53421 53421 53421 53421 53421 73136 73136 73136 73136 73136 73136 73136 73136 73136 73136 73136 73136 73136 73136 40081 40081 40081 40081 40081 62865 40081 34167 34167 34167 34167 11280 11280 18775 18775 18775 18775 18775 18775 18712 18712 18712 18712 18712 18712 19649 19649 58598 58598 58598 58598 44259 44259 44259 44259 44259 44259 25758 25758 25758 25758 25758 40520 40520 40520 40520 40520 40520 40520
39732 39732 37031 37031 37031 37031 40485 53421 53421 53421 53421 53421 53421 73136 73136 73136 73136 73136 73136 73136 73136 73136 73136 73136 73136 73136 73136 73136 73136 40081 40081 40081 40081 40081 34167 34167 34167 34167 34167 34167 18775 18775 18775 18775 18775 18712 18712 18712 18712 18712 18712 19649 19649 19649 19649 19649 58598 44259 44259 44259 44259 44259 44259 25758 25758 25758 25758 25758 25758 40520 40520 40520 40520 40520 40520 40520
39732 39732 37031 37031 37031 37031 37031 53421 53421 53421 53421 53421 73136 73136 73136 73136 73136 73136 73136 73136 73136 73136 73136 73136 73136 73136 73136 73136 73136 73136 73136 40081 40081 34167 34167 34167 34167 34167 34167 34167 34167 34167 18775 18775 18775 18712 18712 18712 18712 18712 18712 19649 19649 19649 19649 19649 19649 20538 44259 44259 44259 44259 25758 25758 25758 25758 25758 25758 26895 26895 40520 40520 40520 40520 40520 40520
39732 37031 37031 37031 37031 37031 80063 80063 80063 53421 53421 53421 73136 73136 73136 73136 73136 73136 73136 73136 73136 73136 73136 73136 73136 73136 73136 73136 73136 73136 73136 73136 34167 34167 34167 34167 34167 34167 34167 34167 34167 34167 34167 34167 18712 18712 18712 18712 18712 18712 19649 19649 19649 19649 19649 19649 20538 20538 20538 20538 44259 44259 25758 25758 25758 25758 25758 25758 26895 26895 26895 26895 40520 40520 40520 40520
39732 37031 37031 37031 37031 37031 80063 80063 80063 80063 80063 73136 73136 73136 73136 73136 73136 73136 73136 73136 73136 73136 73136 73136 73136 73136 73136 73136 73136 73136 73136 73136 73136 73136 34167 34167 34167 34167 34167 34167 34167 34167 34167 34167 31974 18712 18712 18712 18712 18712 19649 19649 19649 19649 19649 19649 20538 20538 20538 20538 20538 33587 25758 25758 25758 25758 25758 26895 26895 26895 26895 26895 26895 26895 40520 30625
12656 37031 37031 37031 37031 80063 80063 80063 80063 80063 80063 73136 73136 73136 73136 73136 73136 73136 73136 73136 73136 73136 73136 73136 73136 73136 73136 73136 73136 73136 73136 73136 73136 73136 73136 73136 34167 34167 34167 34167 34167 34167 34167 31974 31974 31974 31974 18712 18712 19649 19649 19649 19649 19649 19649 20538 20538 20538 20538 20538 20538 33587 33587 33587 25758 25758 25758 26895 26895 26895 26895 26895 26895 26895 26895 24655
12656 12656 12656 37031 37031 80063 80063 80063 80063 80063 73136 73136 73136 73136 73136 73136 73136 73136 73136 73136 73136 73136 73136 73136 73136 73136 73136 73136 73136 73136 73136 73136 73136 73136 73136 73136 73136 73136 34167 34167 34167 34167 34167 31974 31974 31974 31974 31974 31974 19649 19649 19649 19649 19649 20538 20538 20538 20538 20538 20538 33587 33587 33587 33587 33587 33587 26895 26895 26895 26895 26895 26895 26895 26895 24655 24655
12656 12656 12656 12656 80063 80063 80063 80063 80063 80063 73136 73136 73136 73136 73136 73136 73136 73136 73136 73136 73136 73136 73136 73136 73136 73136 73136 73136 73136 73136 73136 73136 73136 73136 73136 73136 73136 73136 73136 73136 34167 34167 31974 31974 31974 31974 31974 31974 31974 31974 31974 19649 19649 19649 20538 20538 20538 20538 20538 20538 33587 33587 33587 33587 33587 33587 20582 26895 26895 26895 26895 26895 26895 26895 24655 24655
12656 12656 12656 12656 80063 80063 80063 80063 80063 73136 73136 73136 73136 73136 73136 73136 73136 73136 73136 73136 73136 73136 73136 73136 73136 73136 73136 73136 73136 73136 73136 73136 73136 73136 73136 73136 73136 73136 73136 73136 73136 73136 31974 31974 31974 31974 31974 31974 31974 31974 31974 31974 31974 20538 20538 20538 20538 20538 20538 33587 33587 33587 33587 33587 33587 20582 20582 20582 20582 26895 26895 26895 26895 24655 24655 24655
12656 12656 12656 80063 80063 80063 80063 80063 73136 73136 73136 73136 73136 73136 73136 73136 73136 73136 73136 73136 73136 73136 73136 73136 73136 73136 73136 73136 73136 73136 73136 73136 73136 73136 73136 73136 73136 73136 73136 73136 73136 46467 46467 31974 31974 31974 31974 31974 31974 31974 31974 31974 31974 33824 33824 20538 20538 20538 20538 33587 33587 33587 33587 33587 33587 27596 20582 20582 20582 20582 20582 26895 26895 24655 24655 24655
12656 12656 12656 55991 55991 80063 80063 80063 73136 73136 73136 73136 73136 73136 73136 73136 73136 73136 73136 73136 73136 73136 73136 73136 73136 73136 73136 73136 73136 73136 73136 73136 73136 73136 73136 73136 73136 73136 73136 73136 73136 46467 46467 46467 46467 31974 31974 31974 31974 31974 31974 31974 33824 33824 33824 33824 20538 20538 33587 33587 33587 33587 33587 33587 27596 27596 27596 27596 20582 20582 20582 20582 20582 24655 24655 24655
12656 12656 55991 55991 55991 55991 55991 73136 73136 73136 73136 73136 73136 73136 73136 73136 73136 73136 73136 73136 73136 73136 73136 73136 73136 73136 73136 73136 73136 73136 73136 73136 73136 73136 73136 73136 73136 73136 73136 73136 46467 46467 46467 46467 46467 46467 10168 31974 31974 31974 31974 31974 33824 33824 33824 33824 33824 33824 33587 33587 33587 33587 33587 27596 27596 27596 27596 27596 27596 27596 20582 20582 20582 20582 20582 24655
12656 12656 55991 55991 55991 55991 55991 73136 73136 73136 73136 73136 73136 73136 73136 73136 73136 73136 73136 73136 73136 73136 73136 73136 73136 73136 73136 73136 73136 73136 73136 73136 73136 73136 73136 73136 73136 73136 73136 46467 46467 46467 46467 46467 46467 10168 10168 10168 10168 31974 31974 33824 33824 33824 33824 33824 33824 33824 33824 33824 33587 33587 33587 27596 27596 27596 27596 27596 27596 27596 27596 20582 20582 20582 20582 20582
12656 55991 55991 55991 55991 55991 73136 73136 73136 73136 73136 73136 73136 73136 73136 73136 73136 73136 73136 73136 73136 73136 73136 73136 73136 73136 73136 73136 73136 73136 73136 73136 73136 73136 73136 73136 73136 73136 73136 26151 46467 46467 46467 46467 46467 10168 10168 10168 10168 10168 10168 33824 33824 33824 33824 33824 33824 33824 33824 33824 33824 33824 27596 27596 27596 27596 27596 27596 27596 27596 27596 20582 20582 20582 20582 20582
55991 55991 55991 55991 55991 55991 73136 73136 73136 73136 73136 73136 73136 73136 73136 73136 73136 73136 73136 73136 73136 73136 73136 73136 73136 73136 73136 73136 73136 73136 73136 73136 73136 73136 73136 73136 73136 73136 26151 26151 26151 46467 46467 46467 10168 10168 10168 10168 10168 10168 11891 11891 33824 33824 33824 33824 33824 33824 33824 33824 33824 33824 29628 29628 27596 27596 27596 27596 27596 27596 20582 20582 20582 20582 20582 20582
