SpatialData/ALLSOCIAL/income_fillmedian_matchextent.asc
ncols         299
nrows         658
xllcorner     582840.57256934
yllcorner     4505984.7454546
cellsize      30
NODATA_value  -9999
[rows 544 to 577 of 658, columns 0 to 75 of 299]
-9999 -9999 -9999 -9999 -9999 -9999 -9999 -9999 -9999 -9999 -9999 -9999 -9999 -9999 -9999 -9999 -9999 -9999 -9999 -9999 -9999 -9999 156719 156719 156719 156719 156719 156719 156719 156719 156719 156719 156719 156719 156719 73011 73011 73011 73011 73011 73011 73011 100833 100833 100833 64857 64857 64857 64857 64857 159441 159441 159441 159441 159441 159441 159441 159441 159441 159441 159441 159441 159441 159441 174750 174750 174750 81464 81464 81464 81464 81464 89676 89676 89676 89676
-9999 -9999 -9999 -9999 -9999 -9999 -9999 -9999 -9999 -9999 -9999 -9999 -9999 -9999 -9999 -9999 -9999 -9999 -9999 -9999 -9999 -9999 156719 156719 156719 156719 156719 156719 156719 156719 156719 156719 156719 156719 156719 73011 73011 73011 73011 73011 73011 100833 100833 100833 100833 100833 64857 64857 64857 35912 35912 159441 159441 159441 159441 159441 159441 159441 159441 159441 159441 159441 159441 159441 159441 159441 81464 81464 81464 81464 81464 81464 150714 150714 89676 133221
-9999 -9999 -9999 -9999 -9999 -9999 -9999 -9999 -9999 -9999 -9999 -9999 -9999 -9999 73136 73136 73136 -9999 -9999 -9999 -9999 -9999 156719 156719 156719 156719 156719 156719 156719 156719 156719 156719 156719 156719 156719 73011 73011 73011 73011 73011 73011 100833 100833 100833 100833 100833 64857 64857 64857 35912 35912 35912 35912 159441 159441 159441 159441 159441 159441 159441 159441 159441 159441 159441 159441 159441 81464 81464 81464 81464 81464 81464 150714 150714 150714 133221
-9999 -9999 -9999 -9999 -9999 -9999 -9999 -9999 -9999 -9999 -9999 -9999 -9999 -9999 156719 156719 156719 156719 156719 156719 156719 156719 156719 156719 156719 156719 156719 156719 156719 156719 156719 156719 156719 156719 73011 73011 73011 73011 73011 73011 100833 100833 100833 100833 100833 100833 100833 71484 75893 75893 35912 35912 35912 35912 159441 159441 159441 159441 159441 159441 159441 159441 159441 159441 159441 81464 81464 81464 81464 81464 81464 150714 150714 150714 133221 133221
-9999 -9999 -9999 -9999 -9999 -9999 -9999 -9999 -9999 -9999 -9999 -9999 -9999 -9999 156719 156719 156719 156719 156719 156719 156719 156719 156719 156719 156719 156719 156719 156719 156719 156719 156719 156719 156719 156719 73011 73011 73011 73011 73011 73011 100833 100833 100833 100833 71484 71484 71484 71484 75893 75893 75893 75893 35912 35912 35912 73636 159441 159441 159441 159441 159441 159441 159441 159441 81464 81464 81464 81464 81464 81464 150714 150714 150714 150714 150714 150714
-9999 -9999 -9999 -9999 -9999 -9999 -9999 -9999 -9999 -9999 -9999 -9999 -9999 -9999 156719 156719 156719 156719 156719 156719 156719 156719 156719 156719 156719 156719 156719 156719 156719 156719 156719 156719 156719 156719 73011 73011 73011 73011 73011 73011 100833 100833 71484 71484 71484 71484 71484 71484 75893 75893 75893 75893 35912 35912 35912 73636 73636 159441 159441 159441 159441 90389 159441 159441 81464 81464 81464 81464 81464 81464 150714 150714 150714 150714 150714 150714
-9999 -9999 -9999 -9999 -9999 -9999 -9999 -9999 -9999 -9999 -9999 -9999 -9999 73136 156719 156719 156719 156719 156719 156719 156719 156719 156719 156719 156719 156719 156719 156719 156719 156719 156719 156719 156719 156719 73011 73011 73011 73011 73011 71484 71484 71484 71484 71484 71484 71484 71484 75893 75893 75893 75893 35912 35912 35912 73636 73636 73636 73636 73636 159441 90389 90389 90389 90389 81464 81464 81464 81464 81464 150714 150714 150714 150714 150714 150714 150714
-9999 -9999 -9999 -9999 -9999 -9999 -9999 -9999 -9999 -9999 -9999 -9999 -9999 73136 156719 156719 156719 156719 156719 156719 156719 156719 156719 156719 156719 156719 156719 156719 156719 156719 156719 156719 156719 156719 73011 73011 73011 73011 73011 71484 71484 71484 71484 71484 71484 71484 71484 75893 75893 75893 35912 35912 35912 73636 73636 73636 73636 73636 73636 98750 90389 90389 90389 90389 90389 90389 81464 81464 150714 150714 150714 150714 150714 150714 150714 150714
-9999 -9999 -9999 -9999 -9999 -9999 -9999 -9999 -9999 -9999 -9999 -9999 -9999 156719 156719 156719 156719 156719 156719 156719 156719 156719 156719 156719 100188 156719 156719 156719 156719 156719 156719 156719 156719 156719 73011 73011 73011 73011 73011 71484 71484 71484 71484 71484 71484 71484 71484 75893 75893 75893 75893 75893 35912 73636 73636 73636 73636 73636 73636 98750 98750 98750 90389 90389 90389 90389 90389 81464 150714 150714 150714 150714 150714 150714 150714 150714
-9999 -9999 -9999 -9999 -9999 -9999 -9999 -9999 -9999 -9999 -9999 -9999 -9999 156719 156719 156719 156719 156719 156719 156719 156719 156719 156719 100188 100188 100188 100188 100188 100188 100188 100188 100188 100188 100188 78846 73011 73011 73011 73011 71484 71484 71484 71484 71484 71484 71484 75893 75893 75893 75893 75893 75893 74917 73636 73636 73636 73636 73636 98750 98750 98750 98750 98750 90389 90389 90389 90389 90389 90389 150714 150714 150714 150714 150714 150714 150714
-9999 -9999 -9999 -9999 -9999 -9999 -9999 -9999 -9999 -9999 -9999 -9999 -9999 156719 156719 156719 156719 156719 156719 156719 156719 156719 156719 100188 100188 100188 100188 100188 100188 100188 100188 100188 100188 100188 78846 78846 78846 78846 78846 78846 78846 78846 78846 78846 71484 71484 75893 75893 75893 75893 75893 75893 74917 74917 74917 73636 73636 98750 98750 98750 98750 98750 98750 98750 98750 90389 90389 90389 90389 90389 150714 150714 150714 150714 150714 150714
-9999 -9999 -9999 -9999 -9999 -9999 -9999 -9999 -9999 -9999 -9999 -9999 -9999 -9999 -9999 -9999 -9999 -9999 -9999 -9999 -9999 73136 156719 100188 100188 100188 100188 100188 100188 100188 100188 100188 100188 100188 78846 78846 78846 78846 78846 78846 78846 78846 78846 78846 78846 78846 78846 75893 75893 75893 75893 74917 74917 74917 74917 74917 73636 98750 98750 98750 98750 98750 98750 98750 98750 98750 90389 90389 90389 138750 138750 138750 150714 150714 150714 150714
-9999 -9999 -9999 -9999 -9999 -9999 -9999 -9999 -9999 -9999 -9999 -9999 -9999 -9999 -9999 -9999 -9999 -9999 -9999 -9999 -9999 73136 100188 100188 100188 100188 100188 100188 100188 100188 100188 100188 100188 78846 78846 78846 78846 78846 78846 78846 78846 78846 78846 78846 78846 78846 78846 83438 83438 75893 74917 74917 74917 74917 74917 74917 141583 141583 98750 98750 98750 98750 98750 98750 98750 90389 90389 90389 90389 138750 138750 138750 138750 150714 150714 150714
-9999 -9999 -9999 -9999 -9999 -9999 -9999 -9999 -9999 -9999 -9999 -9999 -9999 -9999 -9999 -9999 -9999 -9999 -9999 -9999 -9999 73136 100188 100188 100188 100188 100188 100188 100188 100188 100188 100188 100188 78846 78846 78846 78846 78846 78846 78846 78846 78846 78846 78846 78846 78846 78846 83438 83438 83438 74917 74917 74917 74917 74917 74917 141583 141583 141583 141583 98750 98750 98750 98750 98750 90389 90389 90389 138750 138750 138750 138750 106250 106250 106250 150714
-9999 -9999 -9999 -9999 -9999 -9999 -9999 -9999 -9999 -9999 -9999 -9999 -9999 -9999 -9999 -9999 -9999 -9999 -9999 -9999 -9999 100188 100188 100188 100188 100188 100188 100188 100188 100188 100188 100188 100188 78846 78846 78846 78846 78846 78846 78846 78846 78846 78846 78846 78846 78846 83438 83438 83438 83438 83438 83438 74917 74917 74917 141583 141583 141583 141583 141583 141583 98750 98750 98750 90389 90389 90389 138750 138750 138750 138750 138750 106250 106250 106250 106250
-9999 -9999 -9999 -9999 -9999 -9999 -9999 -9999 -9999 -9999 -9999 -9999 -9999 -9999 -9999 -9999 -9999 -9999 -9999 -9999 -9999 100188 100188 100188 100188 100188 100188 100188 100188 100188 100188 100188 100188 64063 64063 64063 64063 64063 64063 64063 78846 78846 78846 78846 78846 83438 83438 83438 83438 83438 83438 83438 83438 74917 141583 141583 141583 141583 141583 141583 141583 141583 141583 90389 90389 90389 90389 138750 138750 138750 138750 106250 106250 106250 106250 106250
-9999 -9999 -9999 -9999 -9999 -9999 -9999 -9999 -9999 -9999 -9999 -9999 -9999 -9999 -9999 -9999 -9999 -9999 -9999 -9999 -9999 100188 100188 100188 100188 100188 100188 100188 100188 100188 100188 100188 100188 64063 64063 64063 64063 64063 64063 64063 64063 64063 64063 64063 64063 83438 83438 83438 83438 83438 83438 83438 83438 83438 165000 141583 141583 141583 141583 141583 141583 141583 141583 90389 90389 90389 138750 138750 138750 138750 106250 106250 106250 106250 106250 106250
-9999 -9999 -9999 -9999 -9999 -9999 -9999 -9999 -9999 -9999 -9999 -9999 -9999 -9999 -9999 -9999 -9999 -9999 -9999 -9999 -9999 100188 100188 100188 100188 100188 100188 100188 100188 100188 100188 100188 100188 64063 64063 64063 64063 64063 64063 64063 64063 64063 64063 64063 84318 84318 84318 83438 83438 83438 83438 83438 83438 165000 165000 165000 165000 141583 141583 141583 141583 141583 90389 90389 90389 138750 138750 138750 138750 138750 106250 106250 106250 106250 106250 106250
-9999 -9999 -9999 -9999 -9999 -9999 -9999 -9999 -9999 -9999 -9999 -9999 -9999 -9999 -9999 -9999 -9999 -9999 -9999 -9999 -9999 100188 100188 100188 100188 100188 100188 100188 100188 100188 100188 100188 100188 64063 64063 64063 64063 64063 64063 64063 64063 64063 64063 84318 84318 84318 84318 84318 84318 83438 83438 83438 165000 165000 165000 165000 165000 165000 141583 141583 141583 141583 90389 90389 90389 138750 138750 138750 138750 106250 106250 106250 106250 106250 106250 106250
-9999 -9999 -9999 -9999 -9999 -9999 -9999 -9999 -9999 -9999 -9999 -9999 -9999 -9999 -9999 -9999 -9999 -9999 -9999 -9999 -9999 100188 100188 100188 100188 100188 100188 100188 100188 100188 100188 100188 100188 64063 64063 64063 64063 64063 64063 64063 64063 64063 64063 84318 84318 84318 84318 84318 84318 84318 83438 83438 165000 165000 165000 165000 165000 165000 165000 165000 141583 90389 90389 90389 138750 138750 138750 138750 138750 106250 106250 106250 106250 106250 106250 106250
-9999 -9999 -9999 -9999 -9999 -9999 -9999 -9999 -9999 -9999 -9999 -9999 -9999 -9999 -9999 -9999 -9999 -9999 -9999 -9999 -9999 100188 100188 100188 100188 100188 100188 100188 100188 100188 100188 100188 100188 64063 64063 64063 64063 64063 64063 64063 64063 64063 64063 84318 84318 84318 84318 84318 84318 84318 84318 165000 165000 165000 165000 165000 165000 165000 165000 165000 165000 90389 90389 138750 138750 138750 138750 138750 138750 138750 138750 106250 106250 106250 106250 106250
-9999 -9999 -9999 -9999 -9999 -9999 -9999 -9999 -9999 -9999 -9999 -9999 -9999 -9999 -9999 -9999 -9999 -9999 -9999 -9999 -9999 100188 100188 203479 100188 100188 100188 100188 100188 100188 100188 100188 64063 64063 64063 64063 64063 64063 64063 64063 64063 64063 58333 84318 84318 84318 84318 84318 84318 84318 84318 165000 165000 165000 165000 165000 165000 165000 165000 165000 165000 165000 165000 138750 138750 138750 138750 138750 138750 138750 138750 138750 138750 138750 106250 106250
-9999 -9999 -9999 -9999 -9999 -9999 -9999 -9999 -9999 -9999 -9999 -9999 -9999 -9999 -9999 -9999 -9999 -9999 -9999 -9999 73136 100188 203479 203479 203479 100188 100188 100188 100188 100188 100188 100188 64063 64063 64063 64063 64063 64063 64063 64063 64063 64063 58333 58333 58333 84318 84318 84318 84318 84318 165000 165000 165000 165000 165000 165000 165000 165000 165000 165000 165000 165000 76543 76543 76543 76543 76543 138750 138750 138750 138750 138750 138750 138750 138750 138750
-9999 -9999 -9999 -9999 -9999 -9999 -9999 -9999 -9999 -9999 -9999 -9999 -9999 -9999 -9999 -9999 -9999 -9999 -9999 -9999 100188 100188 203479 203479 203479 203479 100188 100188 100188 100188 100188 100188 64063 64063 64063 64063 64063 64063 64063 64063 64063 64063 58333 58333 58333 58333 84318 84318 84318 165000 165000 165000 165000 165000 165000 165000 165000 165000 165000 165000 165000 165000 76543 76543 76543 76543 66932 66932 66932 138750 138750 138750 138750 138750 138750 56293
-9999 -9999 -9999 -9999 -9999 -9999 -9999 -9999 -9999 -9999 -9999 -9999 -9999 -9999 -9999 -9999 -9999 -9999 -9999 -9999 100188 100188 203479 203479 203479 203479 203479 203479 100188 100188 100188 100188 64063 64063 64063 64063 64063 64063 64063 64063 64063 64063 58333 58333 58333 58333 58333 58333 84318 165000 165000 165000 165000 165000 165000 165000 165000 165000 165000 165000 165000 76543 76543 76543 76543 76543 66932 66932 66932 66932 66932 138750 138750 138750 138750 56293
-9999 -9999 -9999 -9999 -9999 -9999 -9999 -9999 -9999 -9999 -9999 -9999 -9999 -9999 -9999 -9999 -9999 -9999 -9999 -9999 100188 100188 203479 203479 203479 203479 203479 203479 203479 100188 100188 100188 64063 64063 64063 64063 64063 64063 64063 64063 64063 58333 58333 58333 58333 58333 58333 58333 58333 58333 165000 165000 165000 165000 165000 165000 165000 165000 165000 165000 76543 76543 76543 76543 76543 66932 66932 66932 66932 66932 66932 66932 66932 66932 138750 56293
-9999 -9999 -9999 -9999 -9999 -9999 -9999 -9999 -9999 -9999 -9999 -9999 -9999 -9999 -9999 -9999 -9999 -9999 -9999 -9999 203479 203479 203479 203479 203479 203479 203479 203479 203479 203479 100188 100188 64063 64063 64063 64063 64063 64063 64063 64063 64063 58333 58333 58333 58333 58333 58333 58333 58333 58333 58333 165000 165000 165000 165000 165000 165000 165000 165000 165000 76543 76543 76543 76543 76543 66932 66932 66932 66932 66932 66932 66932 66932 66932 66932 42469
-9999 -9999 -9999 -9999 -9999 -9999 -9999 -9999 -9999 -9999 -9999 -9999 -9999 -9999 -9999 -9999 -9999 -9999 -9999 -9999 203479 203479 203479 203479 203479 203479 203479 203479 203479 203479 203479 100188 64063 64063 64063 64063 64063 64063 64063 64063 64063 160795 160795 58333 58333 58333 58333 58333 58333 58333 165000 165000 165000 165000 165000 165000 165000 165000 165000 76543 76543 76543 76543 76543 66932 66932 66932 66932 66932 66932 66932 66932 66932 66932 42469 42469
-9999 -9999 -9999 -9999 -9999 -9999 -9999 -9999 -9999 -9999 -9999 -9999 -9999 -9999 -9999 -9999 -9999 -9999 -9999 -9999 203479 203479 203479 203479 203479 203479 203479 203479 203479 203479 203479 203479 64063 64063 64063 64063 64063 64063 64063 64063 160795 160795 160795 160795 58333 58333 58333 58333 58333 165000 165000 165000 165000 165000 165000 165000 165000 165000 76543 76543 76543 76543 76543 76543 76543 66932 66932 66932 66932 66932 66932 66932 66932 66932 42469 42469
-9999 -9999 -9999 -9999 -9999 -9999 -9999 -9999 -9999 -9999 -9999 -9999 -9999 -9999 -9999 -9999 -9999 -9999 -9999 73136 203479 203479 203479 203479 203479 203479 203479 203479 203479 203479 203479 250001 250001 64063 64063 64063 64063 64063 64063 64063 160795 160795 160795 160795 160795 160795 58333 58333 58333 165000 165000 165000 165000 165000 165000 165000 165000 165000 76543 76543 76543 76543 76543 76543 76543 76543 76543 66932 66932 66932 66932 66932 66932 66932 42469 42469
-9999 -9999 -9999 -9999 -9999 -9999 -9999 -9999 -9999 -9999 -9999 -9999 -9999 -9999 -9999 -9999 -9999 -9999 -9999 73136 203479 203479 203479 203479 203479 203479 203479 203479 203479 203479 203479 250001 250001 250001 64063 64063 64063 64063 64063 64063 160795 160795 160795 160795 160795 160795 160795 58333 165000 165000 165000 165000 165000 165000 165000 165000 165000 133886 76543 76543 76543 76543 76543 76543 76543 76543 76543 76543 21541 66932 66932 66932 66932 66932 42469 42469
-9999 -9999 -9999 -9999 -9999 -9999 -9999 -9999 -9999 -9999 -9999 -9999 -9999 -9999 -9999 -9999 -9999 -9999 -9999 203479 203479 203479 203479 203479 203479 203479 203479 203479 203479 203479 203479 250001 250001 250001 250001 64063 64063 64063 64063 160795 160795 160795 160795 160795 160795 160795 160795 160795 160795 165000 165000 165000 165000 165000 165000 165000 165000 133886 133886 76543 76543 76543 76543 76543 76543 76543 76543 76543 21541 21541 21541 66932 66932 42469 42469 42469
-9999 -9999 -9999 -9999 -9999 -9999 -9999 -9999 -9999 -9999 -9999 -9999 -9999 -9999 -9999 -9999 -9999 -9999 -9999 203479 203479 203479 203479 203479 203479 203479 203479 203479 203479 203479 203479 250001 250001 250001 250001 250001 64063 64063 64063 160795 160795 160795 160795 160795 160795 160795 160795 160795 160795 160795 160795 165000 165000 165000 165000 165000 133886 133886 133886 133886 133886 76543 76543 76543 76543 76543 76543 76543 21541 21541 21541 21541 21541 42469 42469 42469
-9999 -9999 -9999 -9999 -9999 -9999 -9999 -9999 -9999 -9999 -9999 -9999 -9999 -9999 -9999 -9999 -9999 -9999 -9999 37457 37457 203479 203479 203479 203479 203479 203479 203479 203479 203479 203479 250001 250001 250001 250001 250001 250001 64063 64063 160795 160795 160795 160795 160795 160795 160795 160795 160795 160795 160795 160795 160795 165000 165000 165000 133886 133886 133886 133886 133886 133886 133886 56364 76543 76543 76543 76543 21541 21541 21541 21541 21541 21541 42469 42469 42469
