ALLBUILT_AGE_NOZONE_1/bricksew_kerndens400_sqkm_matchextent.asc
ncols         299
nrows         658
xllcorner     582840.57256934
yllcorner     4505984.7454546
cellsize      30
NODATA_value  -9999
[rows 434 to 464 of 658, columns 70 to 139 of 299]
66.18034 69.99454 73.93458 77.21744 79.28644 80.04248 79.49757 77.6794 74.42606 69.85707 64.25976 57.82611 51.36914 45.94613 42.47668 42.13605 45.43491 52.40776 62.43311 75.26311 89.79363 105.0041 119.9731 133.5963 144.8466 152.9909 157.5986 158.4654 155.6974 149.5159 140.1593 128.1755 115.0658 101.6921 88.59561 76.32272 65.30429 56.34827 50.02868 46.56588 45.48225 45.77372 47.46796 50.54778 54.55621 58.92014 63.32311 67.7672 72.31865 77.02591 81.79122 86.67226 92.07459 97.37944 102.2739 106.8458 110.9729 114.4297 117.2426 119.7523 122.538 126.1352 130.376 134.9163 139.3316 142.9906 144.8357 144.6217 143.0434 140.5161
71.29152 75.29679 78.79034 81.44743 82.99044 83.38236 82.5105 80.36731 76.89575 72.06712 66.14486 59.32934 52.52734 46.82213 43.93132 44.48219 48.37964 55.79747 66.13824 78.96436 93.41348 108.5007 123.1203 135.8826 145.8914 152.7777 156.1402 155.7678 151.6583 144.122 133.528 121.0962 108.5327 96.13514 84.09109 73.02412 63.62657 56.475 52.10109 50.4862 50.66223 51.94457 54.46429 57.93295 61.57449 65.29732 68.95161 72.64195 76.24462 79.79845 83.54808 87.1003 90.73663 94.75292 98.47688 102.1294 105.4327 108.0486 109.7888 111.6073 114.1166 117.5035 121.5474 125.9355 130.235 133.7701 135.7095 135.9358 135.2863 134.125
76.53199 80.45766 83.41603 85.30956 86.25919 86.12891 84.9437 82.58707 78.92591 73.89849 67.71361 60.61629 53.54009 47.93324 45.80906 47.17791 51.70972 59.36011 69.88319 82.63674 96.76792 111.2857 125.0986 136.893 145.7986 151.3449 153.3852 151.7677 146.4944 137.8376 126.5339 114.5042 102.5049 90.89187 79.98969 70.20308 62.43652 57.24621 54.85686 54.85344 56.06257 58.23309 61.3947 64.89843 68.00169 71.02892 73.98912 76.85884 79.51536 81.84119 84.23534 86.72797 89.1597 91.79237 94.34875 96.87761 99.31956 101.2609 102.4678 103.8792 106.1723 109.2361 113.0948 117.4436 121.7494 125.0331 126.9679 127.8916 128.5844 128.9427
81.40066 84.85963 87.26814 88.63017 89.03773 88.39484 86.73737 84.06332 80.27692 75.12377 68.75584 61.44835 54.34475 49.31762 47.77714 49.85178 54.99358 63.01059 73.65298 86.34892 100.0876 113.8286 126.3547 136.7534 144.3685 148.6995 149.5044 146.6893 140.3337 130.7018 119.4072 107.9885 96.73371 85.94703 76.17093 67.82816 61.70103 58.51224 58.06805 59.32006 61.4923 64.40789 67.96375 71.34689 74.0019 76.29642 78.48936 80.47979 82.10944 83.28967 84.25516 85.36793 86.68894 88.07523 89.71187 91.3045 92.82884 94.09075 95.2102 96.56483 98.74664 101.7055 105.3827 109.6391 113.8884 117.147 119.406 121.3495 123.2172 124.7462
85.89435 88.71698 90.50105 91.30481 91.12833 90.02531 87.8632 84.78954 80.72802 75.47028 68.9731 61.65984 54.99553 50.62437 49.59725 52.28493 58.25169 66.9497 77.97871 90.57478 103.7047 116.4381 127.5887 136.4079 142.4615 145.3115 144.71 140.656 133.3324 123.2342 112.2608 101.358 90.85995 81.03291 72.40327 65.66803 61.38086 60.14952 61.35205 63.56176 66.57766 70.25961 73.9876 77.11513 79.38798 80.88713 82.19399 83.22848 83.83703 83.90485 83.5519 83.27137 83.36509 83.62585 84.31099 85.23123 86.12002 86.90506 88.03224 89.65318 92.01284 95.25734 99.165 103.3302 107.244 110.4986 113.3208 116.1861 119.2161 121.809
89.5899 91.82093 93.08413 93.3116 92.4944 90.78455 88.1497 84.72771 80.4033 74.94029 68.38862 61.25001 55.22579 51.63309 51.36332 54.86333 61.60461 70.9587 82.4096 95.04617 107.4691 118.7588 128.4257 135.8314 140.3553 141.6811 139.6494 134.2886 125.8353 115.564 105.079 94.73798 85.03477 76.2839 69.00658 63.82753 61.38399 61.82281 64.21062 67.37448 71.274 75.53065 79.16103 81.94736 83.83344 84.72952 85.08201 85.076 84.61864 83.59552 82.06207 80.44617 79.29066 78.64168 78.35644 78.55644 78.95747 79.70516 81.20026 83.38725 86.22694 89.74789 94.00159 98.21169 101.7357 104.9794 108.3997 112.3209 116.4945 120.0569
92.48321 94.02882 94.71743 94.42116 93.0818 90.82509 87.70605 83.81384 79.26328 73.71313 67.20422 60.39853 55.13661 52.6493 53.25334 57.4318 64.753 74.64645 86.48933 99.14024 110.9767 120.9315 128.8777 134.7084 137.816 137.8373 134.5467 128.0225 118.6837 108.1532 97.82759 88.13367 79.21418 71.59231 65.72634 62.15693 61.33523 63.13337 66.48669 70.72253 75.40292 79.75484 83.33536 85.8268 87.2419 87.63377 87.07464 86.01336 84.46454 82.36781 79.74771 76.9736 74.63081 73.05426 71.99313 71.46705 71.46215 72.37444 74.36308 77.29472 80.87624 84.88524 89.23912 93.27077 96.87125 100.7038 105.0778 109.8698 114.8268 118.87
94.80842 95.49767 95.53994 94.56709 92.67859 89.96319 86.45886 82.19061 77.27634 71.63928 65.24615 59.02613 54.94376 53.59185 55.05021 59.67759 67.51373 77.87349 90.01237 102.4472 113.5688 122.6669 129.3344 133.4477 134.9919 133.6212 129.1845 121.7239 111.8499 101.1783 90.83891 81.46682 73.51501 67.13418 62.65692 60.46247 60.89875 63.8127 68.22685 73.45175 78.55177 82.89547 86.33637 88.66356 89.67257 89.52069 88.25574 86.09603 83.452 80.24261 76.61912 72.91313 69.5074 66.98814 65.3776 64.44553 64.30928 65.58654 67.9296 71.33981 75.56339 80.26467 84.70263 88.57219 92.56424 97.34921 102.9048 108.7406 114.2577 118.6977
96.15459 96.13292 95.56175 93.95225 91.43623 88.13564 84.31237 79.87539 74.723 68.83241 62.62133 57.44935 54.5577 54.19703 56.64053 61.91389 70.14106 80.82924 93.08307 105.0482 115.3263 123.455 129.1133 132.1784 132.5242 129.8721 124.2928 115.8574 105.4758 94.74687 84.51514 75.40766 68.08446 62.7298 59.32365 58.29041 59.97093 64.0086 69.38148 75.19759 80.55766 85.02256 88.33339 90.4593 91.19443 90.61462 88.74698 85.70014 81.81232 77.49622 72.85741 68.24287 64.08045 60.80835 58.76237 57.81027 57.99698 59.6202 62.31498 66.0057 70.54022 75.42739 79.91195 84.18513 89.05391 94.9653 101.7537 108.3632 114.2546 119.0437
96.62746 95.9014 94.64542 92.47541 89.42749 85.65623 81.41873 76.77854 71.44723 65.40818 59.65335 55.60362 53.86174 54.6577 58.12228 64.17207 72.91743 83.8813 95.89693 107.1263 116.528 123.6554 128.3093 130.3298 129.6747 126.1536 119.7787 110.6124 99.72725 88.65132 78.39433 69.54906 62.56627 57.9707 55.71562 55.92608 58.64065 63.48227 69.65306 75.99757 81.52364 86.06455 89.36833 91.25626 91.6816 90.67364 88.27452 84.60458 79.80782 74.43246 68.86376 63.48123 58.6674 54.87738 52.56257 51.95726 52.68953 54.4619 57.38251 61.32088 65.88887 70.67149 75.26348 80.22818 86.39474 93.74715 101.5125 108.4646 114.4485 119.3928
96.07503 94.6957 92.77367 90.08521 86.58332 82.5567 78.12281 73.14332 67.469 61.57058 56.51258 53.59817 53.08411 55.00682 59.45187 66.43941 75.88374 87.0596 98.40028 108.5981 117.102 123.3759 127.0835 128.0963 126.4461 122.0146 114.8747 105.2691 94.15133 82.78893 72.37599 63.68467 57.05854 53.06192 51.80063 52.91235 56.42861 62.07806 69.07136 75.8045 81.49709 86.0274 89.29642 91.02119 91.12449 89.67789 86.71972 82.48286 77.20387 71.27754 65.0359 59.02045 53.71148 49.5783 47.32621 47.1859 48.34168 50.29205 53.18225 57.12077 61.6814 66.375 71.33467 77.2265 84.42136 92.63588 101.0172 108.4045 114.5085 119.4779
94.54765 92.4734 89.9903 86.83641 82.99831 78.70833 74.14563 68.86816 62.9054 57.36258 53.2769 51.43443 52.04915 55.21212 60.76705 68.68412 78.69102 89.87887 100.4619 109.6052 117.061 122.3815 125.174 125.3115 122.7955 117.5622 109.6974 99.47321 88.07969 76.52698 66.0885 57.50321 51.29349 47.72736 47.13675 48.96981 53.39285 60.07072 67.5572 74.45898 80.31329 84.78492 87.91577 89.47501 89.33008 87.58073 84.24933 79.50993 73.92592 67.71759 61.21795 54.85663 49.26124 45.07372 43.15289 43.43395 44.95978 47.18774 50.05004 53.71603 58.08374 62.88036 68.37098 75.03419 82.85834 91.48608 99.97598 107.5375 113.6588 118.5333
92.44809 89.53532 86.53948 83.12971 79.10128 74.6032 69.65354 63.96772 57.91116 52.88034 49.80788 49.08075 50.97148 55.44245 62.13826 71.01232 81.50331 92.19352 101.9777 110.3461 116.8239 121.0871 122.8616 122.0578 118.6748 112.7295 104.3156 93.6384 81.86677 70.08559 59.72367 51.20774 45.17935 41.92072 41.7662 44.42521 49.92396 57.46392 65.14185 72.04845 77.98317 82.49567 85.44639 86.80756 86.42356 84.36177 80.76961 75.85054 70.10762 63.80571 57.22261 50.84273 45.32391 41.51813 40.24706 40.76406 42.29823 44.73861 47.86742 51.37346 55.39936 60.2981 66.04757 73.09856 81.31609 89.96624 98.27596 105.7302 111.9509 116.7874
90.39463 86.96025 83.5015 79.8112 75.76926 71.16203 65.75695 59.54327 53.46502 48.74263 46.42215 46.89516 50.07613 55.95247 63.84696 73.4992 84.12025 94.11846 102.9846 110.4388 116.0171 119.4111 120.3448 118.7198 114.5391 107.9009 98.92908 87.89989 75.8345 63.75749 53.15091 44.69768 38.78977 35.82498 36.16779 39.73243 46.20167 54.19388 61.9072 68.77998 74.59351 79.10051 81.93389 83.11423 82.55409 80.22805 76.42914 71.50551 65.74932 59.47004 52.98614 46.77148 41.57455 38.45478 37.93445 38.62138 40.34307 42.87349 46.13427 49.68744 53.62321 58.55787 64.45021 71.45944 79.55476 87.76884 95.7393 102.995 109.2197 114.1988
88.91422 85.25655 81.49503 77.47748 73.23212 68.41045 62.53268 56.06416 50.08895 45.84363 44.11262 45.40704 49.71649 56.78766 65.79211 75.90437 86.15205 95.6131 103.7776 110.221 114.7522 117.1403 117.2104 114.8478 110.0596 102.9238 93.50533 82.13 69.72251 57.53713 46.66653 38.23511 32.46913 29.8024 30.7108 35.19748 42.31584 50.25927 57.89687 64.75125 70.45786 74.86787 77.64332 78.61807 77.8864 75.4394 71.5483 66.65913 61.03394 54.93067 48.75716 42.97293 38.43492 36.24389 36.1875 37.05302 38.89436 41.47414 44.66302 48.22307 52.2944 57.43178 63.48635 70.41068 77.95547 85.49944 92.82086 99.5921 105.6274 110.5338
88.74549 85.03147 81.15192 77.03067 72.48219 67.14404 60.68587 53.96967 47.94775 44.27742 43.33253 45.50961 50.61607 58.38275 68.14588 78.5405 88.24405 96.9857 104.4149 110.0522 113.5981 114.9437 114.0757 110.8409 105.2563 97.61546 87.91969 76.43411 63.85797 51.58298 40.5905 32.05062 26.55921 24.24045 25.78127 30.87857 38.2709 46.0352 53.53897 60.29546 65.91852 70.2004 72.90179 73.79575 72.88018 70.3595 66.47874 61.6408 56.22974 50.53943 44.88851 39.87755 36.3973 35.21554 35.29621 36.19817 37.94608 40.40473 43.42251 46.95383 51.19679 56.47394 62.58674 69.33553 76.41598 83.36468 89.92631 96.01324 101.435 105.8544
90.49311 86.76018 82.78996 78.45486 73.55088 67.6238 60.82475 53.99401 47.94761 44.50362 44.19041 47.21515 53.15512 61.29593 70.81852 80.90587 90.26712 98.35769 104.8807 109.6171 112.2802 112.7677 111.119 107.1163 100.8372 92.55438 82.40691 70.8312 58.33641 46.01972 35.21306 26.69212 21.24195 19.45783 21.55526 27.06743 34.26206 41.77063 49.02021 55.55239 61.02102 65.15425 67.80561 68.7176 67.8279 65.32332 61.58154 56.96594 51.90942 46.71025 41.77799 37.84809 35.65713 34.91987 35.0317 35.8709 37.42945 39.69616 42.55042 45.96458 50.2639 55.66348 61.54604 67.80375 74.27558 80.66621 86.54326 91.83004 96.39558 100.1731
94.08853 90.65414 86.68788 82.11966 76.52953 69.9281 62.92453 56.21778 50.47726 47.35096 47.39645 50.74464 57.02738 65.34254 74.26875 83.34298 92.0834 99.61805 105.4376 109.2451 110.9535 110.5368 108.0338 103.3519 96.60831 87.84496 77.31427 65.59766 53.30685 41.16445 30.48217 22.20395 16.91317 15.70014 18.43883 23.87779 30.52607 37.58111 44.47147 50.7308 56.00226 60.00734 62.55952 63.47826 62.73129 60.58651 57.25774 53.0563 48.43536 43.78243 39.76063 37.0938 35.83387 35.12212 35.17469 36.02013 37.50611 39.56962 42.23032 45.51345 49.61358 54.72297 60.1816 65.84825 71.52065 77.15855 82.31019 86.70157 90.59977 93.9367
98.92845 95.96644 92.27781 87.60948 81.4604 74.44344 67.3651 60.59919 55.06378 52.24226 52.72417 56.16911 62.17798 70.07484 78.42459 86.47739 94.15606 100.8999 105.913 108.9213 109.8398 108.6278 105.2552 99.78968 92.46238 83.26363 72.51515 60.75605 48.59493 36.8351 26.47225 18.65591 14.10096 13.41051 16.34559 21.41499 27.51788 34.02272 40.41053 46.25403 51.20119 55.0123 57.53521 58.47415 57.91802 56.18114 53.39744 49.81677 45.85476 41.93206 38.92334 37.1852 36.26714 35.73521 35.88605 36.75021 38.19919 40.08514 42.49688 45.55934 49.30375 53.86562 58.53169 63.37698 68.17564 72.843 77.07814 80.76549 84.24417 87.35886
104.6416 102.2378 98.80108 93.83976 87.49456 80.472 73.58971 67.00237 61.71047 58.99137 59.54195 63.03447 68.66821 75.38328 82.74585 89.92334 96.53584 102.3163 106.432 108.5436 108.5787 106.5498 102.5729 96.54259 88.55309 78.88907 67.90118 56.19645 44.43365 33.19471 23.35701 16.12946 12.68124 12.65021 15.46942 19.94542 25.3701 31.29193 37.16334 42.52749 47.07026 50.57912 52.93533 53.97964 53.74086 52.4329 50.21088 47.26251 44.02552 41.15184 39.15732 37.83524 37.04179 36.74941 37.11064 38.14827 39.59496 41.35157 43.35212 45.97588 49.24979 53.08064 56.83551 60.57791 64.3943 67.87261 71.24617 74.70192 78.02403 81.11287
110.5714 108.9167 105.7415 100.646 94.47326 87.74704 81.14687 74.84325 70.037 67.38522 67.70446 70.81755 75.78384 81.45393 87.49539 93.64068 99.22569 104.0577 107.3529 108.569 107.6098 104.5919 99.76698 93.13175 84.59327 74.54772 63.51564 51.9861 40.74041 30.3501 21.49036 15.36965 12.73145 13.34806 16.36995 20.32814 24.9202 29.97553 35.05075 39.77502 43.88928 47.10902 49.3024 50.39294 50.38731 49.50757 47.82246 45.51686 42.988 40.9113 39.59114 38.64076 38.18964 38.24696 38.93496 40.16425 41.68906 43.42278 45.20224 47.21614 49.7808 52.6058 55.26903 57.68098 60.22426 62.76747 65.57932 68.79843 72.27692 75.58159
116.1355 115.1208 112.2264 107.5856 101.9595 95.71719 89.42317 83.55746 79.36581 76.98719 76.97722 79.33948 83.29803 87.89146 92.66415 97.54487 102.0208 105.8019 108.3071 108.7162 106.957 103.1327 97.42432 89.91325 80.81278 70.4305 59.51563 48.55521 38.05282 28.63592 20.85709 15.95226 14.20974 15.28804 18.3661 22.1262 26.29587 30.53281 34.71563 38.58272 41.93307 44.65366 46.73792 47.88022 48.0475 47.50996 46.34034 44.54805 42.53374 41.02924 40.13706 39.77627 39.86843 40.4016 41.42986 42.83465 44.42494 46.04645 47.65498 49.248 51.01843 52.65071 54.09122 55.15999 56.23011 58.10196 60.60588 63.60739 67.11748 70.70046
121.1364 120.709 118.2217 114.4212 109.6612 104.1001 98.34031 93.05563 89.31268 87.25507 87.07332 88.68858 91.32082 94.57288 98.06499 101.6291 104.9667 107.6069 109.1323 108.6897 106.1413 101.6335 95.16519 86.87855 77.27331 66.82658 56.18332 45.90169 36.22115 27.69153 21.17765 17.46874 16.83264 18.51844 21.49553 24.97999 28.77173 32.44245 35.96032 39.12965 41.77232 43.85198 45.50237 46.55205 46.82322 46.48063 45.61174 44.22068 42.74726 41.83909 41.68386 42.07712 42.87159 43.96343 45.23259 46.66578 48.21707 49.70471 50.99441 52.04575 52.77463 53.05724 53.18037 53.0801 53.12527 54.08495 56.36502 59.47444 62.9208 66.6526
125.2393 125.3932 123.796 121.017 117.209 112.4419 107.1909 102.4826 99.2347 97.67178 97.37809 98.12312 99.52921 101.4475 103.6481 105.8894 108.0445 109.5761 110.0751 108.8004 105.3618 99.96484 92.67863 83.67258 73.71227 63.61102 53.48154 43.85347 35.05416 27.49214 22.1746 19.7832 20.22533 22.44736 25.5594 28.91145 32.25085 35.36524 38.1321 40.61742 42.68121 44.25407 45.43206 46.21646 46.62606 46.4896 45.76033 44.60638 43.79085 43.81037 44.64539 45.94491 47.45935 49.04285 50.49911 51.82042 53.07707 54.31358 55.32226 55.74051 55.33173 54.2784 52.76838 51.4482 50.81308 51.10232 53.01202 56.14763 59.79189 63.57788
127.8075 128.7134 128.3062 126.7302 123.922 120.0062 115.4235 111.4342 108.9576 107.8577 107.5281 107.4598 107.6051 108.0961 108.9324 109.8557 110.7994 111.2775 110.7519 108.5767 104.4101 98.18552 90.11515 80.63575 70.62357 60.75381 51.23395 42.35662 34.45743 28.18375 24.30442 23.29126 24.58399 27.15266 30.20865 33.40398 36.41819 39.21898 41.62236 43.49 44.89013 46.01961 46.97677 47.52899 47.64654 47.30062 46.47268 45.87026 46.17485 47.31892 49.09683 51.17916 53.31445 55.29342 56.97383 58.32987 59.24155 59.94831 60.35574 59.96291 58.40897 56.07702 53.25239 50.69893 49.2575 49.41212 50.97393 53.83458 57.59857 61.73184
128.6653 130.5816 131.4137 131.0889 129.48 126.6028 122.8498 119.7234 117.8842 117.1305 116.7292 116.0491 115.0789 114.1689 113.611 113.2245 112.9566 112.3848 110.8932 107.7304 102.6244 95.68853 86.97874 77.42725 67.6487 58.21606 49.522 41.66974 34.96777 30.13258 27.80669 27.92715 29.8553 32.83683 35.77205 38.70049 41.4423 43.81353 45.8225 47.31917 48.2314 49.07586 49.74256 50.00259 49.73949 49.01765 48.37964 48.57846 49.98645 52.20285 54.96641 57.82602 60.42236 62.67051 64.51945 65.94991 66.76961 66.8824 66.22018 64.6055 61.91823 58.35391 54.43622 50.92692 48.75232 48.49258 50.17013 52.95665 56.61794 60.99365
127.8155 130.849 132.9803 133.9179 133.5534 131.8743 129.1721 126.9548 125.7954 125.0974 124.226 122.9433 121.2453 119.1784 117.2731 115.7002 114.3575 112.7659 110.3413 106.2855 100.2283 92.46737 83.43482 74.08194 65.03293 56.46715 48.8059 42.10081 36.95778 33.78974 32.81645 33.64009 36.06242 39.19543 42.07401 44.85597 47.38586 49.49701 51.05027 52.0915 52.99538 53.70691 53.96168 53.70148 52.84776 51.82434 51.85485 53.04259 55.33878 58.37062 61.77418 65.26606 68.33928 70.85152 72.82238 74.3054 74.97501 74.65076 72.99837 70.03246 66.03149 61.23984 56.34193 52.2566 49.65472 48.96645 50.41566 53.443 57.069 61.46262
125.6618 129.7631 133.0558 135.1925 136.0612 135.5405 134.0204 132.7913 132.1105 131.1995 129.7831 127.8608 125.4639 122.6604 119.736 117.0718 114.7595 112.309 108.9358 103.9762 97.11369 88.62653 79.61825 71.00243 63.03772 55.73082 49.37383 44.1795 40.66076 38.88441 38.79811 40.3116 43.18794 46.48953 49.46424 52.14074 54.54676 56.51525 57.8085 58.64582 59.38369 59.95559 59.99352 59.28535 57.96552 56.94028 57.53987 59.44876 62.37878 65.94357 69.64236 73.33138 76.81124 79.67916 81.77241 83.13177 83.59217 82.66682 80.1178 76.01203 70.69623 64.77248 59.04848 54.63692 52.04767 51.22306 52.28425 55.13126 58.90379 63.36419
122.549 127.5778 131.869 134.9883 136.9271 137.4287 137.028 136.6882 136.0568 134.7829 132.914 130.4099 127.373 124.0035 120.5713 117.4155 114.5553 111.4631 107.2188 101.1419 93.42776 84.50346 76.0203 68.57442 61.93102 56.05904 51.16459 47.56596 45.33209 44.56884 45.28545 47.43224 50.83556 54.47242 57.92126 60.84378 63.12024 64.7209 65.71707 66.65434 67.21529 67.50409 67.42197 66.49545 65.11901 64.57492 65.58568 67.86997 70.9551 74.75295 78.69589 82.38345 85.7686 88.63318 90.82005 92.26682 92.41798 90.71491 87.15411 81.98848 75.58844 68.86847 62.97237 58.39686 55.64218 54.71862 55.50457 57.92692 61.67578 66.1207
118.6031 124.4437 129.5711 133.5656 136.2683 137.441 137.938 138.0755 137.3385 135.7156 133.3562 130.4723 127.1983 123.675 120.103 116.8503 113.8947 110.5066 105.6391 98.68528 90.10741 81.33685 73.51878 67.00286 61.57631 57.06977 53.62563 51.44723 50.46772 50.57501 52.0401 54.83502 58.93233 63.15437 67.06544 70.31911 72.604 73.85883 74.68606 75.49422 76.09848 76.13792 75.60768 74.50896 73.37952 73.45856 75.03237 77.71737 80.90468 84.56168 88.48277 92.22932 95.43682 98.11605 100.1567 101.217 100.7877 98.34215 93.86659 87.65546 80.38511 73.36622 67.62186 63.25297 60.28965 59.17685 59.81197 61.94233 65.4167 69.75129
113.9788 120.4167 126.1469 130.8514 134.0382 135.7092 136.5103 136.7389 135.9468 134.1237 131.5287 128.5757 125.398 122.0586 118.653 115.4989 112.5314 108.8234 103.3665 95.85674 87.12634 78.87791 71.77258 66.02457 61.5414 58.21799 56.28621 55.60565 55.77934 56.63104 58.72908 62.3945 67.31618 72.22397 76.56061 80.01173 82.29468 83.44024 84.27192 84.90919 85.20104 85.08501 84.19994 83.02232 82.39246 83.1459 85.36366 88.66581 92.23818 95.87238 99.49117 103.0088 106.1383 108.6001 110.3049 110.6067 108.8707 105.2747 99.75445 92.72987 85.31628 78.3109 72.54645 68.50957 65.79243 64.51723 64.89452 66.57245 69.55695 73.63612
