ALLBUILT_AGE_NOZONE_1/bricksew_kerndens400_sqkm_matchextent.asc
ncols         299
nrows         658
xllcorner     582840.57256934
yllcorner     4505984.7454546
cellsize      30
NODATA_value  -9999
[rows 279 to 309 of 658, columns 210 to 279 of 299]
131.6753 128.5734 128.1772 130.8636 137.4751 148.6579 162.6588 177.8707 193.0579 206.7246 217.5179 225.0012 229.8266 233.1864 235.0757 235.1997 233.482 229.813 224.2915 216.756 207.5052 196.0875 182.9229 168.7661 153.9381 139.1121 125.2077 111.9493 99.39277 88.14018 78.66615 70.44898 62.95819 55.67629 48.12448 40.70773 33.88656 27.80755 22.88357 -9999 -9999 -9999 -9999 -9999 -9999 -9999 -9999 -9999 -9999 -9999 -9999 -9999 -9999 -9999 -9999 -9999 -9999 -9999 -9999 -9999 -9999 -9999 -9999 -9999 -9999 -9999 -9999 -9999 -9999 -9999
137.1381 132.9498 131.6138 133.9809 140.7187 151.9406 165.9519 181.141 196.183 209.4289 219.8065 227.2692 232.2469 235.6004 237.3581 237.1434 234.6785 230.1325 223.866 215.6839 205.7665 193.9181 180.2714 165.6732 150.9378 136.4925 122.8871 109.6795 97.23216 86.37669 77.40993 69.91714 62.94705 55.67685 48.0144 40.4872 33.66817 27.75443 23.08711 -9999 -9999 -9999 -9999 -9999 -9999 -9999 -9999 -9999 -9999 -9999 -9999 -9999 -9999 -9999 -9999 -9999 -9999 -9999 -9999 -9999 -9999 -9999 -9999 -9999 -9999 -9999 -9999 -9999 -9999 -9999
141.7198 136.5284 134.5958 136.7817 143.5509 154.6025 168.4322 183.2673 197.7589 210.2757 220.1973 227.4528 232.3932 235.6534 237.0479 236.3737 233.5132 228.5437 221.5445 212.705 201.8824 189.2665 175.4964 161.0143 146.5849 132.8211 119.6429 106.7457 94.66475 84.25226 75.74567 68.68278 61.93521 54.63499 47.01382 39.5841 32.9272 27.37073 23.04358 -9999 -9999 -9999 -9999 -9999 -9999 -9999 -9999 -9999 -9999 -9999 -9999 -9999 -9999 -9999 -9999 -9999 -9999 -9999 -9999 -9999 -9999 -9999 -9999 -9999 -9999 -9999 -9999 -9999 -9999 -9999
144.8945 139.1996 137.1387 139.3445 146.0285 156.6993 170.0364 184.3491 197.9427 209.5809 218.8076 225.6354 230.3245 233.3 234.3242 233.1537 229.782 224.2702 216.8175 207.4297 196.1473 183.0502 169.1309 155.109 141.2058 128.2082 115.4167 102.8836 91.28681 81.50887 73.6741 66.82832 60.01845 52.7854 45.30261 38.08993 31.73257 26.53906 22.60588 -9999 -9999 -9999 -9999 -9999 -9999 -9999 -9999 -9999 -9999 -9999 -9999 -9999 -9999 -9999 -9999 -9999 -9999 -9999 -9999 -9999 -9999 -9999 -9999 -9999 -9999 -9999 -9999 -9999 -9999 -9999
146.2352 140.4661 138.7756 141.2539 147.9189 158.3295 171.0919 184.551 196.9845 207.8171 216.3906 222.589 226.5723 228.6113 228.9173 227.3144 223.4713 217.564 209.5975 199.5504 188.043 174.9815 161.143 147.5165 134.3643 121.8916 109.6547 97.84215 87.0883 78.22276 71.10304 64.37416 57.3841 50.26405 43.0084 36.02822 29.94557 25.21779 21.7375 18.67913 -9999 -9999 -9999 -9999 -9999 -9999 -9999 -9999 -9999 -9999 -9999 -9999 -9999 -9999 -9999 -9999 -9999 -9999 -9999 -9999 -9999 -9999 -9999 -9999 -9999 -9999 -9999 -9999 -9999 -9999
145.8535 140.4051 139.3669 142.4206 149.2262 159.5399 171.779 184.009 195.144 204.9553 212.8371 218.3359 221.3232 222.1606 221.3959 218.9668 214.8656 208.7522 200.3192 189.7611 177.8958 165.0288 151.5859 138.4522 126.1004 114.0211 102.4457 91.54316 81.92664 74.23449 67.8093 61.12479 54.05387 47.05657 40.14082 33.56946 27.90027 23.59011 20.52851 17.65453 -9999 -9999 -9999 -9999 -9999 -9999 -9999 -9999 -9999 -9999 -9999 -9999 -9999 -9999 -9999 -9999 -9999 -9999 -9999 -9999 -9999 -9999 -9999 -9999 -9999 -9999 -9999 -9999 -9999 -9999
143.9756 139.5978 139.5069 143.277 150.296 160.2359 171.6556 182.4202 192.2313 201.0396 207.7505 212.2319 214.2376 214.0585 212.2345 208.9312 204.1896 197.5174 188.7192 177.9226 165.9954 153.5147 140.7887 128.3291 116.3864 104.8355 94.07958 84.30125 76.04523 69.66073 63.70554 57.08459 50.12011 43.32671 36.835 30.76604 25.66277 21.9703 19.19943 16.41581 -9999 -9999 -9999 -9999 -9999 -9999 -9999 -9999 -9999 -9999 -9999 -9999 -9999 -9999 -9999 -9999 -9999 -9999 -9999 -9999 -9999 -9999 -9999 -9999 -9999 -9999 -9999 -9999 -9999 -9999
141.4193 138.4454 139.2833 143.8565 151.4615 160.8825 170.8863 179.9893 188.293 195.808 201.3703 204.6514 205.6039 204.4826 201.6113 197.4382 191.8399 184.4657 175.1093 164.2227 152.5162 140.5709 128.7118 116.8938 105.2565 94.53622 84.98341 76.69262 70.06556 64.78307 59.08638 52.67161 45.95038 39.45372 33.48811 28.0722 23.68368 20.61229 17.95383 15.19395 -9999 -9999 -9999 -9999 -9999 -9999 -9999 -9999 -9999 -9999 -9999 -9999 -9999 -9999 -9999 -9999 -9999 -9999 -9999 -9999 -9999 -9999 -9999 -9999 -9999 -9999 -9999 -9999 -9999 -9999
138.0165 136.5564 138.6812 143.8822 151.8934 160.795 169.1275 176.5784 183.2659 189.228 193.5613 195.8391 195.8668 193.7361 189.9955 184.8514 178.4184 170.3191 160.5134 149.3654 138.0394 126.8302 115.7098 104.3337 93.37227 83.81418 75.85426 69.35374 64.19962 59.45968 54.01809 47.94217 41.68565 35.77214 30.55871 26.02154 22.51814 19.81854 17.06098 14.19008 -9999 -9999 -9999 -9999 -9999 -9999 -9999 -9999 -9999 -9999 -9999 -9999 -9999 -9999 -9999 -9999 -9999 -9999 -9999 -9999 -9999 -9999 -9999 -9999 -9999 -9999 -9999 -9999 -9999 -9999
133.5077 133.5173 137.0164 143.1307 151.0675 158.9696 165.7738 171.7764 177.0503 181.4806 184.3793 185.451 184.8594 182.0639 177.6233 171.7285 164.3409 155.4939 145.3864 134.2777 123.1805 112.6642 102.0515 91.33788 81.55988 73.5947 67.28128 62.35006 58.2946 53.85231 48.75079 43.24519 37.68497 32.57078 28.30045 24.79437 22.02777 19.51489 16.67078 13.69655 -9999 -9999 -9999 -9999 -9999 -9999 -9999 -9999 -9999 -9999 -9999 -9999 -9999 -9999 -9999 -9999 -9999 -9999 -9999 -9999 -9999 -9999 -9999 -9999 -9999 -9999 -9999 -9999 -9999 -9999
128.3525 129.6273 134.1507 141.1663 148.7701 155.4804 160.9847 165.4241 169.3823 172.7281 174.4727 174.2796 172.7811 169.6906 164.9956 158.7678 150.6018 141.0503 130.5277 119.4481 108.6496 98.65417 88.52779 78.85434 70.48001 64.04447 59.35865 55.7605 52.28093 48.20594 43.69424 38.95035 34.26614 30.14496 26.96828 24.42643 22.26018 19.7702 16.91495 13.89857 -9999 -9999 -9999 -9999 -9999 -9999 -9999 -9999 -9999 -9999 -9999 -9999 -9999 -9999 -9999 -9999 -9999 -9999 -9999 -9999 -9999 -9999 -9999 -9999 -9999 -9999 -9999 -9999 -9999 -9999
122.8769 125.2526 130.5696 137.7069 144.507 150.1575 154.6903 157.8962 160.4568 162.6479 163.4544 162.5218 160.1931 156.7903 151.9468 145.152 136.6879 126.89 116.3032 105.3846 94.83497 85.00468 75.68944 67.28197 60.41867 55.51289 52.33252 49.60593 46.45533 42.91022 39.09107 35.28951 31.76402 28.93475 26.86136 25.13801 23.16808 20.65216 17.74001 14.66489 -9999 -9999 -9999 -9999 -9999 -9999 -9999 -9999 -9999 -9999 -9999 -9999 -9999 -9999 -9999 -9999 -9999 -9999 -9999 -9999 -9999 -9999 -9999 -9999 -9999 -9999 -9999 -9999 -9999 -9999
117.1425 120.3864 126.345 133.0137 138.6797 143.2031 146.8618 149.4104 151.114 152.105 151.8807 150.2873 147.4722 143.7536 138.6102 131.4158 122.7763 113.1027 102.7654 92.23798 82.14907 72.54034 64.12467 57.0484 51.71006 48.44453 46.29538 43.88652 41.09487 38.22422 35.43472 32.89781 30.68785 29.05712 27.93631 26.64453 24.74258 22.22371 19.25094 16.04172 -9999 -9999 -9999 -9999 -9999 -9999 -9999 -9999 -9999 -9999 -9999 -9999 -9999 -9999 -9999 -9999 -9999 -9999 -9999 -9999 -9999 -9999 -9999 -9999 -9999 -9999 -9999 -9999 -9999 -9999
111.7374 115.5812 121.5461 127.3816 132.0565 135.6487 138.2629 139.972 140.9909 141.3444 140.324 138.0948 134.8549 130.6563 125.0124 117.8028 109.1748 99.75624 90.02625 80.35072 70.90087 62.00021 54.53351 48.73087 44.85871 42.79819 41.13984 39.0921 36.9296 34.88724 33.14685 31.76449 30.72594 30.19743 29.67273 28.5663 26.70342 24.19162 21.19901 17.93325 -9999 -9999 -9999 -9999 -9999 -9999 -9999 -9999 -9999 -9999 -9999 -9999 -9999 -9999 -9999 -9999 -9999 -9999 -9999 -9999 -9999 -9999 -9999 -9999 -9999 -9999 -9999 -9999 -9999 -9999
107.2131 111.2005 116.2947 120.8923 124.6541 127.5103 129.4443 130.4563 130.8803 130.5887 129.1733 126.5708 122.9443 118.2232 111.9495 104.555 96.17998 87.30368 78.3716 69.64683 61.08385 53.36629 47.16929 42.60639 39.90468 38.62473 37.32002 35.92131 34.53194 33.3637 32.52022 32.04474 31.97588 32.10559 31.84735 30.83505 29.02363 26.52582 23.51882 20.237 -9999 -9999 -9999 -9999 -9999 -9999 -9999 -9999 -9999 -9999 -9999 -9999 -9999 -9999 -9999 -9999 -9999 -9999 -9999 -9999 -9999 -9999 -9999 -9999 -9999 -9999 -9999 -9999 -9999 -9999
103.5734 107.1119 111.0124 114.3516 117.0125 119.1734 120.814 121.8244 121.8125 120.7949 118.9274 116.0341 112.2768 107.4346 100.9312 93.32858 85.10889 76.73766 68.63148 60.68448 52.88604 46.13079 41.14101 38.01651 36.45606 35.55008 34.74101 34.03461 33.52909 33.28374 33.39995 33.78622 34.34273 34.80063 34.5398 33.44994 31.6443 29.19918 26.20423 22.87556 -9999 -9999 -9999 -9999 -9999 -9999 -9999 -9999 -9999 -9999 -9999 -9999 -9999 -9999 -9999 -9999 -9999 -9999 -9999 -9999 -9999 -9999 -9999 -9999 -9999 -9999 -9999 -9999 -9999 -9999
101.003 103.3732 105.9068 108.133 110.0374 111.7401 113.1985 114.222 114.0171 112.4849 110.0381 106.7823 102.6591 97.45033 91.08649 83.88364 76.13182 68.33018 60.65043 52.98101 46.02793 40.49284 36.79207 34.86316 34.12274 33.75001 33.59712 33.65612 33.94231 34.45482 35.28511 36.33923 37.37824 37.8684 37.56819 36.3942 34.46269 31.94316 28.95274 25.47895 -9999 -9999 -9999 -9999 -9999 -9999 -9999 -9999 -9999 -9999 -9999 -9999 -9999 -9999 -9999 -9999 -9999 -9999 -9999 -9999 -9999 -9999 -9999 -9999 -9999 -9999 -9999 -9999 -9999 -9999
99.41798 100.3761 101.6263 102.9089 104.3455 105.7942 107.1675 107.8887 107.4226 105.6953 102.8114 99.14635 94.67755 89.16674 82.81671 76.06244 68.99884 61.79599 54.42852 47.05352 40.69984 36.27107 33.96435 33.37058 33.51231 33.78974 34.23958 35.00603 36.02118 37.21801 38.61739 40.06453 41.09198 41.44024 41.01991 39.72538 37.56816 34.70807 31.37407 27.74539 -9999 -9999 -9999 -9999 -9999 -9999 -9999 -9999 -9999 -9999 -9999 -9999 -9999 -9999 -9999 -9999 -9999 -9999 -9999 -9999 -9999 -9999 -9999 -9999 -9999 -9999 -9999 -9999 -9999 -9999
99.43845 99.27342 99.7577 100.4069 101.0547 101.7924 102.4329 102.6335 101.9012 99.95938 96.67336 92.42295 87.89773 82.51096 76.37689 69.97066 63.49136 56.72169 49.63327 42.77217 37.22572 33.78728 32.89335 33.41567 34.34597 35.25761 36.38859 37.85379 39.56286 41.45167 43.37704 44.95699 45.70321 45.56523 44.67023 43.11927 40.69022 37.47393 33.69941 29.65812 -9999 -9999 -9999 -9999 -9999 -9999 -9999 -9999 -9999 -9999 -9999 -9999 -9999 -9999 -9999 -9999 -9999 -9999 -9999 -9999 -9999 -9999 -9999 -9999 -9999 -9999 -9999 -9999 -9999 -9999
101.3097 100.4595 100.5167 100.8036 100.9368 100.6753 100.0313 98.99532 97.414 95.11872 91.64491 87.27704 82.41908 77.02838 71.10099 65.04359 58.95609 52.45729 45.81545 39.92957 35.62768 33.39811 33.3932 34.75219 36.32835 37.93582 39.84469 41.97904 44.13824 46.42519 48.69098 50.15471 50.5698 49.96712 48.47493 46.30062 43.52621 40.02946 35.91188 31.46528 -9999 -9999 -9999 -9999 -9999 -9999 -9999 -9999 -9999 -9999 -9999 -9999 -9999 -9999 -9999 -9999 -9999 -9999 -9999 -9999 -9999 -9999 -9999 -9999 -9999 -9999 -9999 -9999 -9999 -9999
104.7867 103.8097 103.4785 103.2746 102.7606 101.6626 99.88457 97.66449 94.86208 91.40925 87.65891 83.51438 78.51911 72.98128 67.2463 61.33152 55.31548 49.20634 43.50238 38.76893 35.68396 34.54919 35.06792 36.77163 39.07207 41.43926 44.05406 46.83331 49.53308 52.0247 54.08441 55.24182 55.27515 54.24035 52.22244 49.42566 46.0291 42.18506 37.8219 33.08767 -9999 -9999 -9999 -9999 -9999 -9999 -9999 -9999 -9999 -9999 -9999 -9999 -9999 -9999 -9999 -9999 -9999 -9999 -9999 -9999 -9999 -9999 -9999 -9999 -9999 -9999 -9999 -9999 -9999 -9999
109.8622 108.4827 108.0143 107.248 105.9596 104.1979 101.7271 98.55791 94.64926 90.15849 85.54729 80.98215 76.01559 70.46751 64.67476 58.94084 53.04641 47.61081 42.99601 39.33993 37.19754 36.72822 37.50651 39.42508 42.35208 45.42387 48.6982 52.06931 55.09543 57.59867 59.27451 60.00455 59.63338 58.11231 55.60146 52.27536 48.32135 43.90319 39.30333 34.36282 -9999 -9999 -9999 -9999 -9999 -9999 -9999 -9999 -9999 -9999 -9999 -9999 -9999 -9999 -9999 -9999 -9999 -9999 -9999 -9999 -9999 -9999 -9999 -9999 -9999 -9999 -9999 -9999 -9999 -9999
117.3302 114.5999 112.9706 111.9957 110.535 108.2478 105.233 101.4388 96.87566 91.74553 86.20441 80.38853 74.81479 69.17664 63.50891 58.02904 52.49379 47.83503 44.11447 41.34743 39.85481 39.62081 40.51821 42.7036 46.02701 49.70596 53.42586 57.01892 60.12281 62.5124 63.85778 64.15323 63.4111 61.45635 58.44324 54.63155 50.22595 45.32389 40.30102 35.17109 -9999 -9999 -9999 -9999 -9999 -9999 -9999 -9999 -9999 -9999 -9999 -9999 -9999 -9999 -9999 -9999 -9999 -9999 -9999 -9999 -9999 -9999 -9999 -9999 -9999 -9999 -9999 -9999 -9999 -9999
126.6168 122.6936 119.6387 117.1674 115.258 112.9467 109.6929 105.5008 100.4589 94.70581 88.16158 81.3094 74.81845 69.02656 63.32821 57.819 53.06724 49.44323 46.58091 44.42642 43.27406 43.04905 43.98282 46.29852 49.70435 53.62538 57.49436 61.17971 64.29433 66.44077 67.45917 67.35996 66.23853 63.97027 60.58569 56.34863 51.56405 46.30564 40.79552 -9999 -9999 -9999 -9999 -9999 -9999 -9999 -9999 -9999 -9999 -9999 -9999 -9999 -9999 -9999 -9999 -9999 -9999 -9999 -9999 -9999 -9999 -9999 -9999 -9999 -9999 -9999 -9999 -9999 -9999 -9999
137.0047 132.1442 127.9353 123.966 120.6823 117.9992 114.7179 110.5956 105.3668 98.83276 91.36736 83.57726 76.17443 69.80865 63.96783 58.48731 54.16897 51.1783 49.10936 47.55519 46.49433 46.18955 47.05191 49.33671 52.70031 56.72689 60.68175 64.38603 67.32188 69.18075 69.87564 69.41699 67.91039 65.3778 61.71669 57.18076 52.06751 46.46272 40.57 -9999 -9999 -9999 -9999 -9999 -9999 -9999 -9999 -9999 -9999 -9999 -9999 -9999 -9999 -9999 -9999 -9999 -9999 -9999 -9999 -9999 -9999 -9999 -9999 -9999 -9999 -9999 -9999 -9999 -9999 -9999
147.8433 142.2395 137.0316 131.9402 127.2953 123.5958 120.2074 115.803 110.3211 103.3535 95.28651 86.80725 78.54556 71.13463 64.78777 59.41004 55.391 52.70657 51.14217 50.05666 49.02766 48.6215 49.42226 51.6073 54.90239 58.95832 62.93703 66.45496 69.08147 70.62453 70.99939 70.21649 68.38142 65.61178 61.7621 57.01721 51.59587 45.66626 -9999 -9999 -9999 -9999 -9999 -9999 -9999 -9999 -9999 -9999 -9999 -9999 -9999 -9999 -9999 -9999 -9999 -9999 -9999 -9999 -9999 -9999 -9999 -9999 -9999 -9999 -9999 -9999 -9999 -9999 -9999 -9999
158.6659 152.464 146.459 140.6206 135.1441 130.3663 126.2569 121.3071 115.041 107.5541 98.97535 89.86707 80.86332 72.56178 65.62503 60.23997 56.44859 54.01776 52.57555 51.64029 50.75948 50.40522 51.15335 53.25345 56.44162 60.38561 64.18315 67.30564 69.56045 70.75945 70.81776 69.74581 67.64921 64.67603 60.65481 55.71596 50.08229 43.9427 -9999 -9999 -9999 -9999 -9999 -9999 -9999 -9999 -9999 -9999 -9999 -9999 -9999 -9999 -9999 -9999 -9999 -9999 -9999 -9999 -9999 -9999 -9999 -9999 -9999 -9999 -9999 -9999 -9999 -9999 -9999 -9999
169.0314 162.4655 155.8742 149.4568 143.2815 137.6145 132.3817 126.8788 119.8378 111.4435 102.2033 92.45793 82.85963 73.82446 66.3409 60.93203 57.24129 54.95605 53.37796 52.28245 51.57672 51.42196 52.16949 54.21648 57.34573 61.08625 64.49414 67.12589 68.86714 69.66278 69.39565 68.03886 65.68356 62.4924 58.3376 53.30854 47.56765 -9999 -9999 -9999 -9999 -9999 -9999 -9999 -9999 -9999 -9999 -9999 -9999 -9999 -9999 -9999 -9999 -9999 -9999 -9999 -9999 -9999 -9999 -9999 -9999 -9999 -9999 -9999 -9999 -9999 -9999 -9999 -9999 -9999
178.2621 171.3673 164.2652 157.2762 150.6364 144.1891 137.7696 131.3636 123.7236 114.6478 104.7715 94.53494 84.18916 74.45711 66.72318 61.4122 57.67659 55.12493 53.33429 52.02635 51.37938 51.44046 52.29063 54.23786 57.27403 60.81513 63.80307 65.9306 67.13247 67.39095 66.7 65.0554 62.48421 59.15178 54.94198 49.90888 -9999 -9999 -9999 -9999 -9999 -9999 -9999 -9999 -9999 -9999 -9999 -9999 -9999 -9999 -9999 -9999 -9999 -9999 -9999 -9999 -9999 -9999 -9999 -9999 -9999 -9999 -9999 -9999 -9999 -9999 -9999 -9999 -9999 -9999
185.539 178.4464 171.0714 163.7366 156.6239 149.4507 142.0398 134.6551 126.5418 117.0346 106.6713 96.00504 85.09198 74.83373 66.56024 61.06858 57.15913 54.29232 52.19633 50.72279 50.03077 50.2906 51.34631 53.29758 56.1781 59.42861 62.02603 63.6833 64.40307 64.1433 62.98061 60.99086 58.26056 54.86841 50.68222 -9999 -9999 -9999 -9999 -9999 -9999 -9999 -9999 -9999 -9999 -9999 -9999 -9999 -9999 -9999 -9999 -9999 -9999 -9999 -9999 -9999 -9999 -9999 -9999 -9999 -9999 -9999 -9999 -9999 -9999 -9999 -9999 -9999 -9999 -9999
190.6436 183.6149 176.2674 168.7858 161.053 152.9053 144.5877 136.502 128.1575 118.4326 107.6986 96.5453 85.3174 74.72277 65.98728 60.05812 55.81324 52.44972 49.95482 48.32124 47.54321 47.91912 49.16915 51.34152 54.19845 57.02883 59.17129 60.41423 60.70687 60.08041 58.53996 56.22021 53.31336 49.93816 -9999 -9999 -9999 -9999 -9999 -9999 -9999 -9999 -9999 -9999 -9999 -9999 -9999 -9999 -9999 -9999 -9999 -9999 -9999 -9999 -9999 -9999 -9999 -9999 -9999 -9999 -9999 -9999 -9999 -9999 -9999 -9999 -9999 -9999 -9999 -9999
