ALLBUILT_AGE_NOZONE_1/bricksew_kerndens400_sqkm_matchextent.asc
ncols         299
nrows         658
xllcorner     582840.57256934
yllcorner     4505984.7454546
cellsize      30
NODATA_value  -9999
[rows 186 to 216 of 658, columns 140 to 209 of 299]
-9999 -9999 -9999 -9999 -9999 -9999 -9999 -9999 -9999 -9999 -9999 -9999 -9999 -9999 -9999 -9999 -9999 -9999 -9999 -9999 -9999 -9999 -9999 -9999 -9999 -9999 -9999 -9999 -9999 -9999 -9999 0.2519342 0.4439112 0.6553734 0.907088 1.205034 1.893393 3.518646 6.437403 10.63635 15.94305 22.32323 29.36911 36.97248 44.68492 52.23337 59.53703 66.26036 71.93494 76.32755 79.19769 80.33068 79.64769 77.19452 73.08392 67.6095 61.6693 57.14869 54.57142 54.26834 56.05283 59.99696 66.16714 74.19117 84.02245 95.11648 106.6108 117.0456 126.3624 134.9969
-9999 -9999 -9999 -9999 -9999 -9999 -9999 -9999 -9999 -9999 -9999 -9999 -9999 -9999 -9999 -9999 -9999 -9999 -9999 -9999 -9999 -9999 -9999 -9999 -9999 -9999 -9999 -9999 -9999 -9999 -9999 0.5806786 0.8969916 1.286921 1.702566 2.334523 3.663459 6.277309 10.20299 15.2456 21.21137 27.96654 35.19537 42.59637 49.97073 56.85197 63.17646 69.055 74.10268 77.86433 79.98124 80.31705 78.80006 75.48738 70.56928 64.29651 57.93645 53.42603 51.15839 51.34475 53.96117 58.74812 65.66112 74.30142 84.62214 96.1002 107.5004 117.5087 126.4812 134.8001
-9999 -9999 -9999 -9999 -9999 -9999 -9999 -9999 -9999 -9999 -9999 -9999 -9999 -9999 -9999 -9999 -9999 -9999 -9999 -9999 -9999 -9999 -9999 -9999 -9999 -9999 -9999 -9999 -9999 0.3404806 0.6445056 1.045647 1.557922 2.117225 2.776943 3.812893 6.090995 9.713322 14.55709 20.35069 26.89428 33.86748 41.16553 48.3116 55.18841 61.57433 67.37142 72.41368 76.55743 79.45999 80.80692 80.38834 78.07424 73.95049 68.22443 61.46609 55.19928 50.70826 48.68719 49.2159 52.2729 57.65834 65.16647 74.36861 85.11202 96.68713 107.4523 116.8462 125.2341 132.9567
-9999 -9999 -9999 -9999 -9999 -9999 -9999 -9999 -9999 -9999 -9999 -9999 -9999 -9999 -9999 -9999 -9999 -9999 -9999 -9999 -9999 -9999 -9999 -9999 -9999 -9999 -9999 -9999 -9999 0.6219399 1.065738 1.669609 2.359513 3.077892 4.057531 5.794293 9.040031 13.59885 19.22661 25.63155 32.60531 39.73826 46.94095 53.86187 60.266 66.30981 71.72379 76.14181 79.37576 81.37367 81.8605 80.64135 77.63198 72.84409 66.44446 59.47748 53.33644 49.02126 47.17836 47.95628 51.27116 56.95983 64.74036 74.44867 85.54398 96.69331 106.5522 115.1111 122.7194 129.5551
-9999 -9999 -9999 -9999 -9999 -9999 -9999 -9999 -9999 -9999 -9999 -9999 -9999 -9999 -9999 -9999 -9999 -9999 -9999 -9999 -9999 -9999 -9999 -9999 -9999 -9999 -9999 -9999 0.568494 1.088625 1.810493 2.648311 3.510801 4.426266 5.795894 8.298047 12.34739 17.67815 23.96532 30.90364 38.15314 45.42673 52.39169 59.09507 65.3603 70.98987 75.98324 79.95681 82.59405 83.72485 83.298 81.20142 77.3853 71.93044 65.20268 58.31962 52.31506 48.11794 46.30353 47.30942 50.88789 56.86876 64.8559 74.53376 85.57315 96.05817 105.0549 112.562 119.2006 124.9663
-9999 -9999 -9999 -9999 -9999 -9999 -9999 -9999 -9999 -9999 -9999 -9999 -9999 -9999 -9999 -9999 -9999 -9999 -9999 -9999 -9999 -9999 -9999 -9999 -9999 -9999 -9999 -9999 1.377191 2.270917 3.307055 4.367042 5.367952 6.520635 8.321915 11.46958 16.15429 22.0632 28.72481 35.97876 43.38069 50.65955 57.46462 63.97466 70.08533 75.6237 80.21834 83.69286 85.77695 86.26996 85.12283 82.26911 77.69496 71.52265 64.59527 57.85553 51.96695 47.87167 46.08325 47.17517 50.89228 57.14822 65.44124 75.00688 85.21289 94.77819 102.9481 109.5261 115.017 119.4796
-9999 -9999 -9999 -9999 -9999 -9999 -9999 -9999 -9999 -9999 -9999 -9999 -9999 -9999 -9999 -9999 -9999 -9999 -9999 -9999 -9999 -9999 -9999 -9999 -9999 -9999 -9999 1.878839 2.948337 4.200034 5.511014 6.762714 7.949621 9.362947 11.74174 15.50174 20.60464 26.81281 33.66956 40.99702 48.3432 55.49273 62.38371 68.82091 74.78001 80.16422 84.55304 87.598 89.11513 88.9564 87.08315 83.52168 78.32084 71.77486 64.7399 58.07187 52.22773 48.15163 46.44727 47.55077 51.38975 57.67124 65.9397 75.35322 84.62198 93.12583 100.2907 105.806 110.0236 113.2003
-9999 -9999 -9999 -9999 -9999 -9999 -9999 -9999 -9999 -9999 -9999 -9999 -9999 -9999 -9999 -9999 -9999 -9999 -9999 -9999 -9999 -9999 -9999 -9999 -9999 -9999 -9999 3.634998 5.065601 6.626683 8.172984 9.610717 11.00617 12.86684 15.85881 20.13664 25.58276 31.97065 38.82563 45.9157 53.13401 60.07193 66.98921 73.63708 79.62109 84.80701 88.86703 91.45687 92.38477 91.59269 89.03771 84.80318 78.96944 72.12962 65.02555 58.49001 52.94707 48.95501 47.28336 48.36077 52.28059 58.59538 66.65215 75.461 83.94515 91.63221 97.77531 102.105 104.8611 106.5034
-9999 -9999 -9999 -9999 -9999 -9999 -9999 -9999 -9999 -9999 -9999 -9999 -9999 -9999 -9999 -9999 -9999 -9999 -9999 -9999 -9999 -9999 -9999 -9999 -9999 -9999 4.153065 5.750885 7.506791 9.328673 11.07078 12.72646 14.45411 16.83946 20.42728 25.17735 30.88424 37.34259 44.19498 51.11275 57.97592 64.78085 71.61084 78.35938 84.38167 89.35169 92.97382 95.03255 95.34753 93.88107 90.73176 85.97309 79.70358 72.64123 65.64046 59.36531 54.21544 50.39438 48.73073 49.85981 53.86639 60.25178 67.85262 75.67345 83.24477 90.03785 95.45649 98.84595 100.2635 100.3155
-9999 -9999 -9999 -9999 -9999 -9999 -9999 -9999 -9999 -9999 -9999 -9999 -9999 -9999 -9999 -9999 -9999 -9999 -9999 -9999 -9999 -9999 -9999 -9999 -9999 -9999 6.167499 8.05285 10.07691 12.111 14.03318 15.9867 18.1907 21.16108 25.27106 30.39405 36.30102 42.80963 49.72232 56.5316 62.96944 69.55664 76.47707 83.02168 88.83183 93.47272 96.61933 98.09409 97.78867 95.66631 91.8485 86.58674 80.11115 73.22927 66.55996 60.62501 55.7498 52.30654 50.90943 52.50843 56.73075 62.73927 69.5596 76.29638 82.67355 88.4065 92.93042 95.48493 95.94547 94.67285
-9999 -9999 -9999 -9999 -9999 -9999 -9999 -9999 -9999 -9999 -9999 -9999 -9999 -9999 -9999 -9999 -9999 -9999 -9999 -9999 -9999 -9999 -9999 -9999 -9999 6.205142 8.25317 10.38403 12.61951 14.81595 16.97877 19.33715 22.12461 25.62465 30.13945 35.4937 41.6513 48.28294 55.13404 61.74634 67.86295 74.30505 81.00713 87.36317 92.78317 96.97367 99.58416 100.4375 99.51057 96.83988 92.50575 86.90306 80.44237 73.85624 67.53919 62.00117 57.57765 54.7592 53.98418 56.14019 60.614 66.13417 71.82051 77.39021 82.48634 86.95056 90.4017 92.08932 91.65652 89.2757
-9999 -9999 -9999 -9999 -9999 -9999 -9999 -9999 -9999 -9999 -9999 -9999 -9999 -9999 -9999 -9999 -9999 -9999 -9999 -9999 -9999 -9999 -9999 -9999 -9999 8.132782 10.45306 12.8228 15.24279 17.61411 20.04939 22.835 26.12688 29.98118 34.73935 40.38362 46.76995 53.47552 60.10273 66.38009 72.33561 78.58755 84.84925 90.80251 95.81506 99.58048 101.6246 101.8484 100.2577 97.06236 92.54068 86.88416 80.60082 74.33343 68.35321 63.28432 59.5317 57.58175 57.88813 60.48094 64.8975 69.8197 74.55613 78.91357 82.6912 85.80441 88.01644 88.74377 87.51736 84.31155
-9999 -9999 -9999 -9999 -9999 -9999 -9999 -9999 -9999 -9999 -9999 -9999 -9999 -9999 -9999 -9999 -9999 -9999 -9999 -9999 -9999 -9999 -9999 -9999 7.817808 10.34478 12.98609 15.59389 18.17477 20.80026 23.52733 26.73304 30.34777 34.41885 39.31445 45.16566 51.63572 58.30849 64.64282 70.44053 76.13123 82.07711 87.84937 93.11681 97.5862 100.8437 102.4532 102.1666 100.0793 96.51841 91.73944 86.12394 80.10028 74.2317 68.8045 64.33092 61.50647 60.63278 61.94976 65.08453 69.2058 73.44112 77.41028 80.8752 83.5501 85.30898 86.18785 85.69268 83.49368 79.60304
-9999 -9999 -9999 -9999 -9999 -9999 -9999 -9999 -9999 -9999 -9999 -9999 -9999 -9999 -9999 -9999 -9999 -9999 -9999 -9999 -9999 -9999 -9999 -9999 10.06631 12.98515 15.90766 18.68455 21.41878 24.21985 27.26838 30.86746 34.92613 39.39092 44.40343 50.22556 56.46952 62.86621 68.88073 74.1897 79.36153 84.69216 89.78353 94.33397 98.11022 100.6688 101.7586 101.0633 98.7746 95.04288 90.11736 84.61212 78.93851 73.52551 68.77017 65.02 63.25865 63.63883 65.86224 69.56776 73.48709 77.01454 80.14425 82.73621 84.63819 85.54469 85.39343 83.68354 80.34497 75.5647
-9999 -9999 -9999 -9999 -9999 -9999 -9999 -9999 -9999 -9999 -9999 -9999 -9999 -9999 -9999 -9999 -9999 -9999 -9999 -9999 -9999 -9999 -9999 9.498777 12.86616 16.14711 19.29104 22.1828 25.05922 28.04479 31.4373 35.42551 39.93432 44.81474 49.91898 55.52741 61.38088 67.10118 72.51945 77.40786 81.96562 86.511 90.75861 94.41286 97.3375 99.21227 99.70562 98.65313 96.21207 92.38615 87.47208 82.20319 76.92665 72.0191 68.11096 65.39699 64.79843 66.34428 69.39809 73.35299 77.10649 80.25671 82.64326 84.34706 85.43957 85.65263 84.87505 82.47521 78.2954 72.69991
-9999 -9999 -9999 -9999 -9999 -9999 -9999 -9999 -9999 -9999 -9999 -9999 -9999 -9999 -9999 -9999 -9999 -9999 -9999 -9999 -9999 -9999 -9999 -9999 -9999 19.58946 22.88413 25.8786 28.90347 32.23866 36.12606 40.59442 45.47202 50.55837 55.6793 60.93398 66.27565 71.26521 75.72825 79.87135 83.69989 87.36537 90.69093 93.40215 95.38947 96.44237 96.3382 95.05889 92.47369 88.6603 83.97887 79.01112 74.15916 69.88968 66.81051 65.34836 65.93266 68.51331 72.28622 76.21468 79.74076 82.5459 84.54075 85.67602 86.04385 85.62187 84.27654 81.30296 76.6108 70.49087
-9999 -9999 -9999 -9999 -9999 -9999 -9999 -9999 -9999 -9999 -9999 -9999 -9999 -9999 -9999 -9999 -9999 -9999 -9999 -9999 -9999 -9999 -9999 -9999 -9999 -9999 -9999 29.72963 32.98695 36.84043 41.19943 46.08459 51.27414 56.48452 61.5481 66.31232 70.9317 75.15088 78.65543 81.73902 84.60712 87.27415 89.55309 91.27736 92.38019 92.63558 91.90889 90.20966 87.5192 83.81013 79.5035 74.92816 70.54429 67.02701 64.93898 64.82301 66.75674 70.1356 74.22255 78.09996 81.46106 83.94234 85.51125 86.23298 86.21531 85.47437 83.74574 80.30678 75.20982 68.78233
-9999 -9999 -9999 -9999 -9999 -9999 -9999 -9999 -9999 -9999 -9999 -9999 -9999 -9999 -9999 -9999 -9999 -9999 -9999 -9999 -9999 -9999 -9999 -9999 -9999 -9999 -9999 33.74985 37.51955 41.83765 46.603 51.71128 57.046 62.31367 67.23714 71.64257 75.3469 78.60169 81.15335 83.12836 84.78588 86.33904 87.65343 88.44145 88.65252 88.25491 87.09702 84.96554 82.02496 78.39961 74.3309 70.1693 66.40944 63.84947 62.90362 63.97305 67.02044 71.12479 75.23534 78.97795 82.21521 84.54416 85.81795 86.14658 85.7825 84.78073 82.70314 78.95655 73.62885 67.0351
-9999 -9999 -9999 -9999 -9999 -9999 -9999 -9999 -9999 -9999 -9999 -9999 -9999 -9999 -9999 -9999 -9999 -9999 -9999 -9999 -9999 -9999 -9999 -9999 -9999 -9999 -9999 38.49059 42.67042 47.35469 52.51088 57.82743 63.15738 68.242 72.84032 76.81611 79.86669 81.91505 83.29284 84.18589 84.73931 85.11087 85.32552 85.15359 84.57684 83.53359 82.0004 79.58086 76.40047 72.81139 68.92622 65.22715 62.09453 60.52472 60.86799 63.09872 66.86607 71.24643 75.44304 79.03217 82.04486 84.1916 85.33378 85.53381 84.9939 83.81202 81.28972 77.04276 71.45831 64.80972
-9999 -9999 -9999 -9999 -9999 -9999 -9999 -9999 -9999 -9999 -9999 -9999 -9999 -9999 -9999 -9999 -9999 -9999 -9999 -9999 -9999 -9999 -9999 -9999 -9999 -9999 -9999 43.81461 48.46825 53.53168 58.94567 64.41568 69.63249 74.3809 78.42534 81.66839 83.96977 85.21835 85.54011 85.44054 84.91994 84.19537 83.31563 82.27087 80.9208 79.24958 77.15385 74.38037 70.97717 67.32416 63.76222 60.57124 58.23858 57.6464 58.91325 62.00776 66.14098 70.52029 74.72514 78.31276 81.18347 83.12751 84.1362 84.28684 83.78929 82.46141 79.4901 74.86315 69.00152 62.28043
-9999 -9999 -9999 -9999 -9999 -9999 -9999 -9999 -9999 -9999 -9999 -9999 -9999 -9999 -9999 -9999 -9999 -9999 -9999 -9999 -9999 -9999 -9999 -9999 -9999 -9999 -9999 49.46525 54.80994 60.34639 65.96757 71.43856 76.52698 80.86021 84.25509 86.60997 87.89817 88.34038 88.04662 87.24274 85.78351 84.06584 82.19193 80.24105 78.23897 75.95174 73.27378 70.05116 66.36897 62.62826 59.27255 56.62209 55.17827 55.29391 57.10422 60.41172 64.69994 69.04511 73.17187 76.72018 79.51982 81.4658 82.48129 82.65211 82.14581 80.46214 77.09772 72.24561 66.32368 59.63743
-9999 -9999 -9999 -9999 -9999 -9999 -9999 -9999 -9999 -9999 -9999 -9999 -9999 -9999 -9999 -9999 -9999 -9999 -9999 -9999 -9999 -9999 -9999 -9999 -9999 45.14828 50.18787 55.74224 61.64946 67.65722 73.54814 78.86721 83.62091 87.49329 90.18909 91.71128 92.32439 92.09995 90.99021 89.35886 87.20964 84.79182 82.20482 79.35516 76.47482 73.51437 70.20383 66.46642 62.59761 58.9155 55.67215 53.37563 52.54637 53.33967 55.50852 58.8517 62.96399 67.31799 71.41464 74.85859 77.53298 79.28961 80.2709 80.52105 79.95578 77.92474 74.25736 69.28898 63.43135 56.88664
-9999 -9999 -9999 -9999 -9999 -9999 -9999 -9999 -9999 -9999 -9999 -9999 -9999 -9999 -9999 -9999 -9999 -9999 -9999 -9999 -9999 -9999 -9999 -9999 -9999 50.53313 56.39672 62.68261 69.01306 75.15076 81.05747 86.35757 90.77727 94.14932 96.15093 97.17265 97.32257 96.50363 94.64585 92.02551 89.24771 86.12855 83.03609 79.77325 76.10589 72.08958 67.97236 63.65915 59.57658 55.89148 52.779 50.80898 50.43073 51.6274 54.1501 57.4691 61.27747 65.45474 69.46691 72.8933 75.43433 77.04779 77.90556 77.95332 76.96618 74.51635 70.72796 65.72878 59.94171 53.64486
-9999 -9999 -9999 -9999 -9999 -9999 -9999 -9999 -9999 -9999 -9999 -9999 -9999 -9999 -9999 -9999 -9999 -9999 -9999 -9999 -9999 -9999 -9999 -9999 -9999 56.19271 62.8306 69.64242 76.31004 82.61001 88.4295 93.44697 97.47784 100.3703 102.0594 102.7447 102.4894 101.1474 98.71169 95.40613 91.92944 88.20213 84.24471 80.44075 76.28943 71.29273 66.23309 61.341 56.91862 53.16705 50.35086 48.89489 49.0372 50.47538 53.10075 56.47256 60.07594 63.94476 67.74419 70.99521 73.42966 74.94927 75.51904 75.21133 73.63593 70.72372 66.69891 61.77229 56.15425 50.10793
-9999 -9999 -9999 -9999 -9999 -9999 -9999 -9999 -9999 -9999 -9999 -9999 -9999 -9999 -9999 -9999 -9999 -9999 -9999 -9999 -9999 -9999 -9999 -9999 55.05546 61.7183 68.94479 76.28255 83.37501 89.81731 95.45329 100.0685 103.4204 105.7608 107.4087 108.0359 107.4492 105.6982 102.8959 99.28851 95.23954 90.96528 86.36076 81.60321 76.48708 70.76829 64.75762 59.27555 54.61265 51.00399 48.69312 47.88064 48.57187 50.25594 52.72476 55.93275 59.43216 63.01554 66.558 69.55694 71.74279 72.91142 73.08285 72.21266 70.06179 66.79067 62.51353 57.4218 51.94233 46.16614
-9999 -9999 -9999 -9999 -9999 -9999 -9999 -9999 -9999 -9999 -9999 -9999 -9999 -9999 -9999 -9999 -9999 -9999 -9999 -9999 -9999 -9999 -9999 53.24577 59.62473 66.87975 74.77949 82.7426 90.21751 96.781 102.173 106.3015 109.0249 110.8146 112.2245 112.7694 111.9711 109.943 106.9327 103.1501 98.76954 94.03159 89.03371 83.38868 77.00334 70.36329 63.64398 57.67205 52.90881 49.74036 48.09747 47.99374 49.0109 50.81133 53.0532 55.91006 59.26968 62.62906 65.84184 68.4506 70.13672 70.91022 70.59089 69.05154 66.42352 62.73625 58.16154 52.97183 47.54068 42.15721
-9999 -9999 -9999 -9999 -9999 -9999 -9999 -9999 -9999 -9999 -9999 -9999 -9999 -9999 -9999 -9999 -9999 -9999 -9999 -9999 -9999 -9999 -9999 57.10606 63.9548 71.80478 80.34029 88.77084 96.45245 103.0172 108.1364 111.7397 114.0231 115.5342 116.7006 117.1148 116.0531 113.6504 110.3535 106.5157 102.0688 97.06283 91.53285 85.05617 77.71753 70.06659 62.72026 56.45143 51.92873 49.37676 48.51188 49.02524 50.30361 52.03955 54.08631 56.54845 59.50372 62.4814 65.08595 67.22547 68.50336 68.79579 67.9164 65.83714 62.76808 58.7382 53.97514 48.71715 43.312 38.12918
-9999 -9999 -9999 -9999 -9999 -9999 -9999 -9999 -9999 -9999 -9999 -9999 -9999 -9999 -9999 -9999 -9999 -9999 -9999 -9999 -9999 48.67963 54.33582 60.82974 68.214 76.46862 85.25817 93.8988 101.6777 108.2007 113.1657 116.4317 118.5448 119.9626 120.8273 121.0285 119.7475 117.0185 113.3105 109.1128 104.6953 99.55444 93.42911 86.25636 78.20235 69.8305 62.02558 55.71213 51.58844 49.61469 49.3276 50.27098 51.78742 53.4594 55.36256 57.41513 59.78233 62.25889 64.32151 65.88618 66.57465 66.23907 64.79407 62.28397 58.92727 54.67818 49.72389 44.39923 39.04003 34.11098
-9999 -9999 -9999 -9999 -9999 -9999 -9999 -9999 -9999 -9999 -9999 -9999 -9999 -9999 -9999 -9999 -9999 -9999 -9999 -9999 -9999 50.91136 57.16658 64.22192 72.06065 80.58333 89.40067 98.06214 105.9168 112.3768 117.1103 120.2793 122.41 123.692 124.2767 124.174 122.8026 119.9555 116.0087 111.4813 106.4184 100.725 94.28432 86.6339 78.05455 69.23512 61.35974 55.42632 51.87276 50.42608 50.50579 51.57578 53.15665 54.85123 56.69759 58.49594 60.21345 62.01615 63.4804 64.39633 64.33491 63.29955 61.31969 58.50702 54.92898 50.53659 45.50309 40.174 34.97043 30.31265
-9999 -9999 -9999 -9999 -9999 -9999 -9999 -9999 -9999 -9999 -9999 -9999 -9999 -9999 -9999 -9999 -9999 -9999 -9999 -9999 46.36673 52.64735 59.42122 67.03328 75.40725 84.13419 93.10824 101.7819 109.5317 115.7856 120.2558 123.3111 125.3202 126.4665 126.8584 126.5267 125.151 122.3543 118.3269 113.3724 107.6061 101.0776 94.074 86.12856 77.30202 68.34798 60.69632 55.37047 52.36262 51.49533 51.90211 52.94309 54.39069 56.13342 57.83432 59.37615 60.60088 61.69198 62.48859 62.67831 61.90944 60.2263 57.80639 54.71649 50.96552 46.51409 41.5374 36.36812 31.45057 27.03012
-9999 -9999 -9999 -9999 -9999 -9999 -9999 -9999 -9999 -9999 -9999 -9999 -9999 -9999 -9999 -9999 -9999 -9999 -9999 -9999 47.60696 54.14534 61.2539 69.21806 78.02716 87.18773 96.29222 104.8322 112.3291 118.326 122.7477 125.717 127.5184 128.4766 128.7309 128.2956 126.8392 123.8917 119.6259 114.402 108.1295 100.9646 93.24394 84.90678 75.94595 67.14218 59.95508 55.27084 52.94971 52.56313 53.17126 54.12002 55.34582 56.89094 58.31712 59.61165 60.66921 61.42539 61.55376 60.9716 59.55132 57.3653 54.5541 51.25483 47.44817 43.0763 38.30375 33.44667 28.76637 24.54135
