ALLBUILT_AGE_NOZONE_1/bricksew_kerndens400_sqkm_matchextent.asc
ncols         299
nrows         658
xllcorner     582840.57256934
yllcorner     4505984.7454546
cellsize      30
NODATA_value  -9999
[rows 527 to 557 of 658, columns 70 to 139 of 299]
54.76889 60.12317 65.33824 70.26441 74.44102 77.60532 79.55754 80.13193 79.27454 77.67243 76.12574 75.70892 76.87048 79.45791 83.14489 87.76111 92.8852 98.35688 104.3232 110.0764 115.386 120.0942 123.7868 125.4812 124.812 121.8737 116.7193 110.3262 103.2734 95.72295 87.92879 80.27787 73.30003 67.03229 61.94621 58.826 58.00716 59.3353 62.23956 65.40913 67.87133 69.88262 71.74761 73.64259 75.48695 77.24638 78.70251 79.62521 79.95676 79.78524 79.13757 77.80321 75.5928 72.36625 68.19852 -9999 -9999 -9999 -9999 -9999 -9999 -9999 -9999 -9999 -9999 -9999 -9999 -9999 -9999 -9999
61.86325 67.3899 72.67915 77.62771 81.83426 85.0681 86.97628 87.42787 86.47186 85.15361 84.36252 84.39706 85.7503 88.15721 91.29354 94.65925 98.36491 102.0636 105.9582 109.8955 113.6264 116.9928 119.4573 120.1228 118.5411 114.819 109.4618 103.4949 96.94345 89.9369 82.63701 75.64326 69.5371 64.55198 60.89163 59.26525 59.86897 62.68295 66.59466 69.96964 72.38825 74.39523 76.27616 78.33289 80.52126 82.50375 84.02162 84.84389 84.99146 84.59116 83.75508 82.32617 80.17622 77.0037 72.77624 -9999 -9999 -9999 -9999 -9999 -9999 -9999 -9999 -9999 -9999 -9999 -9999 -9999 -9999 -9999
69.57447 75.01511 80.42629 85.25237 89.23721 92.35647 94.20113 94.50128 93.75555 93.01679 92.7891 93.41972 95.04232 97.18505 99.56715 101.7536 103.8931 105.9579 107.8782 109.8393 112.0381 114.0701 115.248 114.798 112.3461 107.8866 102.1961 96.36006 90.22249 83.70377 77.1298 71.02043 65.81223 62.08046 59.92432 59.81863 62.01281 66.17217 70.4823 73.77143 76.0596 78.00317 79.97457 82.1572 84.53822 86.68664 88.19088 88.99142 89.04865 88.4552 87.45132 85.98249 83.9164 80.84923 76.58518 71.12595 -9999 -9999 -9999 -9999 -9999 -9999 -9999 -9999 -9999 -9999 -9999 -9999 -9999 -9999
77.70633 83.01218 88.28939 93.17031 97.12713 99.97949 101.6031 101.7606 101.6111 101.6719 101.9233 102.7341 104.2776 105.9948 107.5277 108.6606 109.2703 109.6683 109.9737 110.3218 110.9675 111.5478 111.5128 109.9815 106.4877 101.3167 95.41056 89.3241 83.26604 77.27081 71.54965 66.36407 62.15614 59.68766 59.04496 60.58407 64.2696 69.19658 73.45612 76.61776 78.71891 80.6123 82.66726 84.94829 87.35265 89.48771 91.03681 91.82816 91.83195 91.16228 90.07571 88.74963 86.87143 84.00793 79.71463 74.11253 -9999 -9999 -9999 -9999 -9999 -9999 -9999 -9999 -9999 -9999 -9999 -9999 -9999 -9999
85.95215 91.3665 96.60397 101.3234 105.287 108.0443 109.4028 109.912 110.306 110.8944 111.607 112.6716 114.0088 115.3089 115.7884 115.6159 114.9456 113.8385 112.6076 111.5073 110.4983 109.4331 108.0522 105.5269 101.1493 95.37023 89.16274 82.85921 76.71144 71.28106 66.42504 62.08413 58.78891 57.43382 58.23389 61.30349 66.29025 71.29736 75.39161 78.39548 80.26526 82.07549 84.16474 86.45553 88.72191 90.80718 92.36062 93.21352 93.27467 92.73332 91.76592 90.61123 88.98833 86.34206 82.16032 76.53321 -9999 -9999 -9999 -9999 -9999 -9999 -9999 -9999 -9999 -9999 -9999 -9999 -9999 -9999
94.24056 100.056 105.5536 110.3173 114.132 116.808 118.2037 119.2377 120.3138 121.3833 122.2603 123.1587 123.9443 124.6367 124.2255 122.7349 120.709 118.4024 115.8734 113.4339 110.853 108.1841 105.3218 101.6785 96.49783 90.12759 83.34962 76.81609 70.65219 65.51293 61.46442 58.04477 55.62278 55.28911 57.49092 61.84189 67.43612 72.44919 76.47845 79.3756 81.07203 82.5755 84.53568 86.6705 88.75796 90.71275 92.19756 93.12862 93.45418 93.14482 92.37711 91.39626 90.06402 87.70393 83.77268 78.25231 -9999 -9999 -9999 -9999 -9999 -9999 -9999 -9999 -9999 -9999 -9999 -9999 -9999 -9999
102.5898 108.8743 114.792 119.7281 123.3526 125.6681 127.5288 129.2505 131.0612 132.5862 133.6688 134.395 134.6154 134.0284 132.5906 130.1433 126.7819 123.1088 119.4909 115.7005 111.574 107.4212 103.3234 98.44865 92.62076 85.64951 78.31216 71.38914 65.32998 60.43834 57.00771 54.47531 52.97959 53.46715 56.6655 61.93926 67.66221 72.68689 76.67434 79.50134 81.15657 82.25169 83.87247 85.74634 87.7026 89.51037 90.93675 91.96056 92.43886 92.30179 91.80236 91.24552 90.4325 88.44863 84.81407 79.46685 -9999 -9999 -9999 -9999 -9999 -9999 -9999 -9999 -9999 -9999 -9999 -9999 -9999 -9999
111.0782 117.7913 124.1124 129.1687 132.6212 134.8779 137.4994 139.9427 142.3882 144.2075 145.3367 145.7285 145.4548 143.6939 140.9383 137.3669 133.029 128.1728 123.1954 118.0616 112.6245 107.1788 101.9506 95.93414 89.17191 81.73943 74.09939 66.87452 60.84754 56.2482 53.14526 51.37933 50.81897 52.24942 56.18338 61.63086 67.13413 72.0164 75.94693 78.67607 80.29374 80.98237 82.13487 83.73082 85.54974 87.32475 88.79964 89.8281 90.46017 90.70898 90.72226 90.76934 90.47054 88.79522 85.39797 80.17525 73.42248 -9999 -9999 -9999 -9999 -9999 -9999 -9999 -9999 -9999 -9999 -9999 -9999 -9999
119.604 126.6927 133.1172 138.0624 141.3209 144.1989 147.6521 150.8878 153.9314 156.1664 157.3683 157.3614 156.2252 153.6629 149.7592 144.8495 139.3852 133.5903 127.303 120.764 114.0917 107.5654 101.2121 94.25403 86.61974 78.48277 70.57263 63.21005 57.16702 52.86549 50.08879 48.92313 49.20384 51.56085 55.95513 61.04835 66.17207 70.70504 74.35669 76.96125 78.44378 78.82513 79.3801 80.64918 82.32356 84.18809 85.7839 87.04768 88.13272 89.03542 89.74029 90.43773 90.42772 88.92063 85.72657 80.64297 73.96429 -9999 -9999 -9999 -9999 -9999 -9999 -9999 -9999 -9999 -9999 -9999 -9999 -9999
127.568 134.9359 141.493 146.3885 149.8427 153.6103 158.0569 162.3527 165.9933 168.5365 169.6705 169.2961 167.0356 163.5843 159.1275 153.3328 146.6403 139.7938 132.3653 124.3316 116.4862 108.9174 101.5235 93.49321 85.12705 76.36347 67.94987 60.44926 54.40891 50.1846 47.86489 47.45201 48.49165 51.47128 55.86286 60.49948 64.99449 69.09271 72.32825 74.51632 75.72122 75.81351 75.87392 76.77365 78.34527 80.26463 82.17999 84.05471 85.85875 87.56945 89.12716 90.45001 90.61858 89.1926 86.1073 81.24535 74.7375 -9999 -9999 -9999 -9999 -9999 -9999 -9999 -9999 -9999 -9999 -9999 -9999 -9999
134.7896 142.2007 148.8499 153.9405 158.4541 163.4446 168.9027 174.1929 178.4345 181.3487 182.3908 181.3032 178.2775 173.9693 168.7181 162.3475 154.7167 146.5808 138.0117 128.7431 119.678 111.2793 103.0416 94.12763 84.96277 75.55444 66.47019 58.65813 52.49267 48.30933 46.32136 46.70127 48.64743 52.01038 56.04866 60.14419 64.08443 67.60963 70.31296 72.00012 72.71022 72.4637 72.07426 72.53349 73.98514 76.05296 78.4478 81.09155 83.79452 86.43539 88.79447 90.63426 90.93325 89.61382 86.66947 81.99193 75.78278 -9999 -9999 -9999 -9999 -9999 -9999 -9999 -9999 -9999 -9999 -9999 -9999 -9999
141.4002 148.8851 155.5073 161.093 166.8341 173.0136 179.4136 185.6286 190.56 193.9258 194.9448 193.274 189.9173 185.11 178.8587 171.4885 163.1029 153.6871 143.721 133.4591 123.4686 114.2733 105.1573 95.64911 85.87755 75.93144 66.2877 57.79704 51.31948 47.21629 45.79001 46.82942 49.49295 52.92897 56.39957 59.93867 63.30907 66.23295 68.30621 69.46124 69.69308 69.1579 68.50539 68.70764 69.92165 72.10486 75.14313 78.58767 82.12568 85.54044 88.58214 90.71611 91.23035 90.10265 87.37301 82.83233 76.79517 -9999 -9999 -9999 -9999 -9999 -9999 -9999 -9999 -9999 -9999 -9999 -9999 -9999
147.1573 154.563 161.2694 167.7625 174.441 181.6964 189.1819 196.3323 202.0118 205.5429 206.4325 204.7332 201.2164 196.0864 189.2485 180.7916 171.2866 160.7542 149.4922 138.3867 127.8237 117.9097 107.7716 97.58109 87.41501 77.08148 67.04329 58.07757 51.26376 47.23732 46.27164 47.89894 50.91896 54.17027 57.20318 60.19839 62.94483 65.21806 66.58105 66.96582 66.6724 65.91013 65.22823 65.52829 66.76591 69.13605 72.54677 76.6017 80.91986 85.18206 88.94391 91.29311 91.99289 91.03584 88.41713 84.0419 78.19746 71.15212 -9999 -9999 -9999 -9999 -9999 -9999 -9999 -9999 -9999 -9999 -9999 -9999
152.3263 159.1149 166.0808 173.4553 181.1278 189.2412 197.6242 205.6469 211.9937 215.6569 216.4615 215.0209 211.5967 206.2417 198.9529 189.8002 178.9487 167.213 154.9635 143.2121 132.0232 121.6034 110.962 100.3849 90.13573 79.58491 69.21474 59.95087 53.08479 49.12376 48.40233 50.09197 52.80956 55.65237 58.34477 60.77141 62.8981 64.52838 65.3019 65.07827 64.30922 63.39841 62.72358 63.01443 64.49086 67.14802 70.90038 75.60951 80.75025 85.81236 89.93964 92.46398 93.31056 92.53833 89.97592 85.70344 79.97239 73.04291 -9999 -9999 -9999 -9999 -9999 -9999 -9999 -9999 -9999 -9999 -9999 -9999
156.5883 162.8958 170.0276 178.0427 186.605 195.3692 204.3283 212.8677 219.7552 223.5155 224.5352 223.3362 220.1282 214.8427 207.3763 197.7113 186.1121 173.4266 160.3742 148.056 136.5425 125.7177 114.7615 103.8885 93.41518 82.85793 72.45667 63.38625 56.92812 53.28813 52.52117 53.75706 55.57038 57.59721 59.76699 61.66541 63.13239 64.19431 64.51022 63.93961 62.85695 61.86546 61.1999 61.34473 62.95407 66.2053 70.68427 75.99068 81.85474 87.39579 91.59011 94.20263 95.20879 94.66631 92.22316 88.02772 82.25986 75.14292 -9999 -9999 -9999 -9999 -9999 -9999 -9999 -9999 -9999 -9999 -9999 -9999
159.3638 165.7321 173.0895 181.4272 190.4082 199.523 208.8101 217.6441 224.5977 228.6593 230.1169 229.2229 226.3834 221.5499 214.1286 204.0431 191.9608 178.5849 165.1762 152.9219 141.598 130.6065 119.4212 108.508 97.787 87.14723 77.11469 68.69092 62.61402 59.181 58.17718 58.43296 59.23817 60.34473 61.58503 62.7978 63.90355 64.51171 64.4202 63.60942 62.28833 61.22791 60.59775 60.73867 62.71993 66.50583 71.6619 77.55486 83.75086 89.40979 93.6514 96.30923 97.42344 96.96765 94.63515 90.5312 84.66026 77.35287 -9999 -9999 -9999 -9999 -9999 -9999 -9999 -9999 -9999 -9999 -9999 -9999
160.5268 166.9804 174.5254 183.074 192.17 201.4327 210.7051 219.5474 226.2342 230.7205 232.9323 232.7693 230.3651 225.7608 218.4039 208.1915 195.7775 182.1209 169.0526 157.2034 146.5139 135.7935 124.7131 113.8589 103.0119 92.34698 82.92616 75.38628 69.92623 66.66356 65.08381 64.12252 63.75454 63.85863 64.19478 64.63656 65.12503 65.46903 65.12045 64.12733 62.71083 61.481 60.78029 61.34466 63.95469 68.16508 73.62452 79.81791 85.95703 91.46831 95.74986 98.44743 99.59988 99.12627 96.855 92.73823 86.80066 79.33472 70.58208 -9999 -9999 -9999 -9999 -9999 -9999 -9999 -9999 -9999 -9999 -9999
160.6529 166.7055 174.0059 182.4616 191.513 200.8433 209.995 218.4827 224.9625 229.9153 232.9038 233.533 231.7037 227.0848 219.5957 209.3526 196.9611 183.9638 171.8318 160.9491 150.9944 140.7619 130.0931 119.3725 108.5093 98.27417 89.62801 82.86919 78.28899 75.31541 73.02405 71.03513 69.49854 68.40095 67.93858 67.74273 67.52865 67.37123 66.78278 65.49529 63.94864 62.51682 61.94989 63.06281 66.14738 70.6299 76.09937 82.16027 88.04212 93.24577 97.51318 100.3252 101.508 100.9067 98.50484 94.31345 88.31494 80.76079 71.82499 -9999 -9999 -9999 -9999 -9999 -9999 -9999 -9999 -9999 -9999 -9999
159.371 164.7313 171.519 179.4706 188.2114 197.4069 206.448 214.1524 220.5561 225.8409 229.3915 230.6214 229.3315 224.9645 217.5479 207.4567 195.6575 183.914 173.194 163.5848 154.5805 145.1239 135.0362 124.607 114.0489 104.6575 97.10435 91.2744 87.33157 84.56825 81.66515 78.74135 76.14507 74.09315 72.76112 71.87497 71.10221 70.34249 69.3768 67.87313 66.01675 64.41201 64.04803 65.54872 68.80074 73.34141 78.5853 84.23411 89.83887 94.7956 98.95139 101.7138 102.7257 101.9233 99.29801 94.98698 88.9894 81.37688 72.36574 62.34968 -9999 -9999 -9999 -9999 -9999 -9999 -9999 -9999 -9999 -9999
156.3807 160.8169 166.9795 174.4099 182.6768 191.5268 199.959 206.9637 213.2059 218.5401 222.3473 224.0437 223.0701 218.9822 211.9406 202.4972 192.1229 182.1236 173.1619 164.9309 157.0965 148.6284 139.2 129.2932 119.4936 111.171 104.7194 100.0375 97.00779 94.11573 90.79318 87.15585 83.68303 80.93345 78.82977 77.07791 75.60014 74.06322 72.3171 70.57784 68.56317 66.85159 66.64066 68.34364 71.58047 75.88357 80.89565 86.13037 91.3531 96.05971 99.91994 102.3563 103.0081 101.9388 99.09433 94.67538 88.62516 81.03431 72.046 62.07417 51.48738 40.83675 -9999 -9999 -9999 -9999 -9999 -9999 -9999 -9999
152.1416 155.7359 160.9723 167.7625 175.6564 183.7406 191.1294 197.6938 203.433 208.5291 212.3898 214.2969 213.2529 209.2721 202.6107 194.5094 186.1786 178.2857 171.3445 165.0293 158.597 151.0691 142.4085 133.1975 124.5364 117.6467 112.6384 109.2646 106.673 103.4135 99.74311 95.58305 91.62013 88.22021 85.49117 83.08596 80.86696 78.59894 76.02798 73.56041 71.32497 69.49715 69.19987 70.81435 73.88668 77.86784 82.49245 87.31667 92.08262 96.44791 99.89133 101.9432 102.2788 101.0118 98.06563 93.46008 87.32359 79.81892 70.95422 61.11021 50.64299 40.08117 -9999 -9999 -9999 -9999 -9999 -9999 -9999 -9999
146.813 149.901 154.422 160.2161 167.0723 173.7891 180.047 186.173 191.5902 196.2804 199.9648 201.6791 200.5694 196.6395 190.5368 184.2548 178.0911 172.5282 167.7749 163.4312 158.2004 151.7008 143.9976 135.9897 129.0123 123.9766 120.8433 118.7644 116.2352 112.6813 108.482 103.9558 99.64946 95.77842 92.4685 89.45931 86.4203 83.28824 80.01551 76.68027 73.92339 71.86588 71.46156 72.78698 75.50497 79.05553 83.03444 87.31364 91.59476 95.56543 98.63163 100.4513 100.6306 99.19445 96.11857 91.38486 85.19811 77.73198 69.06069 59.43657 49.11745 38.66094 28.5426 -9999 -9999 -9999 -9999 -9999 -9999 -9999
140.9447 143.335 147.3143 152.3793 157.6672 162.5672 167.5356 172.9649 178.142 182.6042 185.7021 186.971 185.8455 182.0726 176.9393 172.3996 168.4424 165.338 162.8615 160.0343 155.9537 150.62 144.2448 138.0338 133.184 130.4481 129.1889 127.8837 125.2994 121.5828 116.9241 112.0343 107.5373 103.456 99.77159 96.13528 92.15949 87.84883 83.62254 79.61627 76.43102 74.01617 73.26563 74.2368 76.33541 79.28266 82.6445 86.20317 89.78662 93.33105 96.20082 97.86089 97.89812 96.29199 93.09657 88.33051 82.18415 74.80637 66.28394 56.82756 46.74923 36.59141 26.81138 17.96832 -9999 -9999 -9999 -9999 -9999 -9999
135.3939 136.6933 139.5424 143.5972 147.4765 151.03 154.8719 159.3134 163.8646 167.8252 170.5346 171.3332 169.9201 166.459 162.7372 160.0431 158.144 157.2702 156.6546 154.9683 152.1422 148.1025 143.5247 139.7065 137.2656 136.6746 137.0809 136.3063 133.8338 129.9796 125.0845 120.1315 115.4899 111.14 107.1233 102.5663 97.58026 92.24394 86.90682 82.16354 78.54357 75.84247 74.6629 75.04123 76.31791 78.40838 81.10616 83.98891 86.95288 89.98387 92.57797 94.01897 93.93407 92.22507 88.94203 84.20276 78.13055 70.86829 62.5597 53.33725 43.64105 33.91566 24.62123 16.27136 -9999 -9999 -9999 -9999 -9999 -9999
130.3774 130.504 131.7988 134.1811 136.5728 138.934 141.8221 145.3531 149.0182 152.1102 154.3608 154.9131 153.4227 150.8209 148.6456 147.6765 147.8327 149.001 149.7154 149.1253 147.501 144.9969 142.6006 141.076 140.9468 142.3994 143.8228 143.5006 141.2882 137.463 132.7202 127.909 123.3522 118.7421 114.0587 108.5306 102.3956 96.05746 89.83229 84.38324 80.03074 76.95469 75.35117 74.9538 75.36748 76.4799 78.30569 80.50842 82.99625 85.57305 87.81364 89.05167 88.79023 86.97919 83.64451 78.98329 73.04288 66.01849 58.00497 49.11388 39.84787 30.71148 22.03242 14.34881 -9999 -9999 -9999 -9999 -9999 -9999
126.3953 124.8551 124.4792 125.0699 125.768 126.6717 128.4841 130.8894 133.5284 136.01 137.6324 137.857 136.523 135.0131 134.6282 135.805 138.2079 140.6847 142.231 142.6847 142.1198 141.3354 141.2482 142.0932 144.1104 147.2177 149.2018 149.2495 147.3392 143.8296 139.5161 134.997 130.5699 125.7451 120.1134 113.6672 106.543 99.18092 92.08002 86.07047 81.10265 77.31209 75.08239 73.78289 73.25956 73.45449 74.41743 75.98134 77.94106 80.1577 82.06948 83.04134 82.62463 80.65709 77.28459 72.72399 67.01752 60.3439 52.70035 44.26707 35.53418 27.07454 19.20238 12.31353 -9999 -9999 -9999 -9999 -9999 -9999
123.2162 120.1793 118.2242 117.1997 116.2887 115.6256 115.8939 116.8335 118.2176 119.9785 121.0795 120.9667 120.2776 120.0709 121.5027 124.7906 128.7901 132.0751 134.4084 135.9042 136.6356 137.8204 139.8226 142.7836 146.8183 150.7981 153.2428 153.6498 152.0408 149.0498 145.3653 141.3721 136.9444 131.7162 125.0749 117.5292 109.5545 101.357 93.5727 86.93633 81.5278 77.01342 73.74734 71.51558 70.08501 69.46477 69.67985 70.67192 72.16293 74.01594 75.57528 76.13747 75.51297 73.46699 70.10845 65.60689 60.2182 53.94932 46.77365 38.93099 30.91472 23.28811 16.34151 10.32532 -9999 -9999 -9999 -9999 -9999 -9999
120.5248 116.6387 113.4544 110.9714 108.5332 106.4361 105.2887 104.7849 104.8002 105.4468 105.8037 105.5083 105.7374 107.0568 110.1442 114.9858 119.8912 124.002 127.1105 129.4429 131.8391 135.0105 139.1273 143.7676 148.9713 153.1262 155.7197 156.4564 155.3806 153.0435 149.9348 146.4457 142.2445 136.4942 129.1268 120.5324 111.5646 102.7379 94.51266 87.37286 81.42812 76.08375 71.54783 68.26614 65.99614 64.72561 64.40988 64.93038 66.0277 67.56182 68.64121 68.70966 67.77822 65.68111 62.34003 58.00883 52.93518 47.13142 40.55825 33.47158 26.3347 19.61823 13.58097 8.406567 -9999 -9999 -9999 -9999 -9999 -9999
118.2125 113.7745 109.9707 106.5277 103.1674 100.0623 97.56857 95.76681 94.77526 94.17352 93.36761 92.91446 93.82922 96.49775 100.7409 106.1305 111.4122 116.0638 119.881 123.4431 127.832 133.0333 138.7857 144.7807 150.4913 154.715 157.0874 157.7747 157.2387 155.6429 153.3145 150.2188 145.9299 139.7035 131.795 122.5647 112.8289 103.4002 94.81961 87.44952 81.07938 74.79699 69.0899 64.54082 61.40588 59.59298 58.93521 59.22752 60.13202 61.1136 61.4792 61.10425 59.86073 57.68217 54.44903 50.38976 45.67359 40.36316 34.47557 28.19913 21.96579 16.1286 10.95744 6.755517 -9999 -9999 -9999 -9999 -9999 -9999
116.9696 112.3958 108.3474 104.1549 100.2845 96.58808 92.96555 89.99744 88.06916 86.25645 84.69942 84.26984 85.47427 88.57716 93.0617 98.43538 103.8114 108.7285 113.1867 118.1583 124.1629 131.0146 138.2218 145.1071 150.9618 155.1706 157.3615 158.0139 157.8219 156.9376 155.2513 152.4092 147.7305 141.1045 132.7507 123.2287 113.2365 103.5538 94.76927 87.26794 80.31817 73.21727 66.59371 60.97281 56.85313 54.44327 53.59124 53.78524 54.45926 54.86751 54.56038 53.61605 52.02214 49.84482 46.8423 43.11058 38.84992 34.03622 28.77116 23.30588 17.96505 12.98203 8.790977 -9999 -9999 -9999 -9999 -9999 -9999 -9999
116.5936 112.5513 108.6589 104.3942 100.1279 95.76134 91.45657 87.689 84.57264 81.73325 79.75123 79.22737 80.18903 82.79105 86.77527 91.67659 96.99993 102.0736 107.1431 113.2822 120.6864 128.8274 137.1086 144.7421 150.6527 154.7759 157.0195 157.887 157.9634 157.2113 155.7152 152.6394 147.5096 140.6228 132.0694 122.453 112.5458 103.1538 94.51767 86.75259 79.07454 71.34518 64.03473 57.80067 52.96907 49.88572 48.65686 48.70148 48.91857 48.66478 47.81828 46.46322 44.67077 42.47701 39.70077 36.3718 32.61325 28.34357 23.75447 19.16736 14.72231 10.67717 7.261551 4.66952 -9999 -9999 -9999 -9999 -9999 -9999
