SpatialData/TOP/slopeperc_30m_matchextent.asc
ncols         299
nrows         658
xllcorner     582840.57256934
yllcorner     4505984.7454546
cellsize      30
NODATA_value  -9999
[rows 434 to 464 of 658, columns 71 to 141 of 299]
2.121031 2.649581 3.708135 3.770324 1.638873 1.670178 3.020719 3.722105 3.794724 3.675215 3.274672 2.716308 2.511573 2.094744 2.110538 2.180776 1.519214 1.801633 2.304015 2.437619 1.928478 0.839774 0.9742394 0.8781874 1.155875 1.354928 1.438171 1.210258 1.27798 1.703401 2.093952 1.776136 1.563231 1.367549 1.373639 0.8012487 0.7663969 0.6040866 0.6387196 1.025965 1.211791 1.127345 0.9783264 0.5590888 0.819925 0.702036 0.8037511 0.7445698 1.527169 1.433779 2.375567 3.63481 3.657313 2.417668 1.437206 1.221831 2.270759 3.363189 2.168987 0.8368272 0.623561 1.226183 2.169675 3.367295 3.497301 1.056273 0.8030505 1.613583 2.233051 2.533858 1.93343
1.471382 2.221663 2.716885 2.486219 1.400404 1.385842 1.997661 3.249937 4.670428 5.291101 4.664778 1.62116 1.652196 3.812973 5.098329 4.418787 1.941155 1.767104 1.862393 2.722239 3.012787 0.7292486 0.5438959 0.7824965 0.9558194 0.9459762 0.8711657 0.9499327 1.232098 1.540121 1.737385 1.432164 1.363821 1.141804 1.229115 0.7536553 0.7825673 0.7386616 1.111552 1.221138 1.19333 1.107785 1.010422 0.7686152 0.9045452 0.9266775 0.3769834 1.020804 1.349084 0.965028 1.580683 3.706155 3.703231 1.399461 0.4827582 1.100279 3.612767 4.501684 1.801788 1.506363 1.159093 1.499821 1.979365 2.488935 2.145668 1.314369 0.6794844 1.539153 2.117438 3.794706 2.672846
3.932266 2.638905 1.58464 1.082592 1.03705 1.040231 0.4556748 0.5015949 0.422238 3.154799 5.682789 4.340992 2.757696 3.053864 1.29819 4.886179 2.272524 1.527277 0.3373678 1.623647 2.691559 1.805404 1.44344 1.324137 1.181975 0.8961718 0.3508723 1.131067 1.377453 1.179928 1.402571 1.434604 1.438286 0.9207156 0.7013831 0.9600976 0.5867211 1.233617 1.533844 1.281018 1.297213 1.2087 1.035869 1.052615 1.13891 0.9710673 0.4563982 0.9819068 1.996917 1.974537 1.907187 3.556168 3.38596 1.198208 1.700799 3.87363 3.027497 3.235667 2.146858 1.21891 2.65453 2.953532 1.966455 1.830251 1.332251 1.95443 2.426093 1.574982 0.8627685 2.726817 3.16235
4.789108 3.299459 1.616009 0.7887342 0.3043312 1.014874 1.791001 2.148972 1.61816 1.836825 2.013159 3.302022 3.295214 0.3239568 2.335044 2.843678 2.358218 2.345287 0.9108432 1.053758 1.568656 1.662729 1.514749 1.363596 1.113711 0.7134025 0.7332715 1.441378 1.242566 0.705557 0.9134578 1.187602 1.811185 1.282099 0.4159908 0.4932092 1.072012 1.641164 1.579759 1.250974 1.332505 1.243822 0.9851891 1.05464 1.449284 1.539854 1.261845 1.127653 2.968319 1.969044 1.407323 2.736424 2.216311 2.060767 3.712995 3.636952 0.3287857 1.28576 1.88271 0.8229233 3.800875 2.446813 2.376258 3.214017 1.906007 1.879068 2.888022 1.373829 1.735245 2.07385 2.483983
1.962797 1.652769 1.415978 1.175687 0.5108782 1.081689 1.491638 2.652661 2.348019 1.246248 1.919275 1.667608 2.218032 1.815837 0.7263232 1.074784 1.710185 2.440794 2.068233 1.53561 1.115448 1.090064 0.9843082 1.023561 0.7896807 0.8854791 1.062714 1.304906 1.256305 1.12094 1.009379 0.6462767 1.466974 1.461662 0.6436864 0.5597827 1.711388 1.690037 1.544124 1.29964 1.602614 1.494481 1.113695 1.269269 1.486197 1.057208 1.151705 2.223244 2.952023 1.104462 2.080251 2.348046 1.223694 1.731532 4.181731 4.972943 2.673685 1.082788 1.339878 1.201925 3.355146 3.716989 1.935799 1.152082 1.352401 1.47951 3.477631 2.878618 0.1915232 2.409072 2.038497
1.15632 0.6431063 0.801176 1.73302 1.976057 3.307939 4.644952 3.637703 1.972365 1.152235 1.032628 0.4169264 1.407663 1.54665 1.130729 1.00777 1.577182 2.158164 1.978289 2.020213 1.839702 1.409044 0.7461993 0.214262 0.1768685 1.033158 1.198025 0.8943737 1.0869 1.664668 1.503608 0.7835912 1.345986 2.362101 1.635109 1.138504 1.74597 1.657555 1.52297 1.407151 1.5851 1.175483 0.8213212 1.456274 1.664398 1.053316 0.9145312 3.396244 3.169374 1.333627 1.602359 1.718832 1.474033 1.457763 3.419131 4.324042 2.094334 1.025779 1.282294 1.229333 2.874014 3.295842 2.459966 2.453985 1.869312 0.9070906 2.497797 2.382136 1.35205 1.429778 1.369267
1.198196 0.7629187 0.8275533 2.218779 3.469445 3.254023 2.055621 1.603388 1.387779 1.751136 1.109028 1.21823 1.461175 1.121478 0.9208421 0.4522095 0.9157307 2.12651 1.345219 0.7488593 0.9610388 1.33891 1.34207 0.8511438 0.5128126 1.095604 1.277568 0.8686395 0.9435586 1.340348 1.469876 1.124551 0.9189051 1.43243 2.427229 1.412484 1.526199 1.510133 1.694881 1.66988 1.805359 3.992555 3.607836 1.825538 1.578503 0.9514811 0.9343526 2.589029 4.311502 3.631817 1.875244 1.783609 1.991958 0.7203603 2.304395 3.846987 2.051068 1.326835 1.531829 2.067709 3.321096 2.010494 1.022987 1.390053 2.203569 2.213482 3.170232 1.986235 0.5819784 0.5130369 0.7432579
1.470545 0.9567688 0.8394772 3.636093 4.71723 1.586832 0.7554774 1.778444 2.919929 1.90765 1.211809 1.68112 1.840565 1.355505 0.8965482 0.9842561 1.611392 1.930941 1.511121 0.9703423 0.6492617 0.5702726 0.6005293 0.92257 0.6426356 0.6948212 1.984159 2.234122 1.511291 1.083735 1.122776 1.006489 0.977776 1.910578 2.362162 1.564546 1.334883 1.186087 1.638471 1.626783 4.561061 4.252898 7.031518 2.875989 1.562809 0.4360954 0.854246 1.562395 2.249776 2.390698 2.842617 2.984151 3.119069 2.038116 2.779512 2.521184 1.547699 1.281498 2.258693 3.551414 3.587514 1.72277 2.069108 5.863008 5.032631 3.206685 2.441765 1.080357 0.9844878 0.5952108 0.3473908
1.45652 0.7791707 1.478314 4.553536 3.283434 0.6436658 0.2342719 1.615798 1.625674 1.635854 1.529212 0.8902423 0.2892485 0.9282364 1.21032 1.354881 1.256864 1.067738 1.461364 0.9312422 0.4804724 0.7402816 0.473335 0.6024478 1.030088 0.8060287 1.594144 3.00302 3.155555 1.314471 0.9412739 1.187081 0.8642866 1.223674 1.73883 1.530477 1.270125 1.226233 1.461335 1.205497 4.113629 3.368543 6.74472 2.921578 1.578674 0.4163031 0.7764927 1.884122 2.363477 0.6989574 0.6336501 3.122927 3.467171 3.221084 3.057694 1.516601 1.190943 0.8947219 0.4125003 4.896693 11.37629 10.55107 5.16465 5.197452 0.2735272 2.574503 1.337456 1.126643 0.6490806 0.7683237 0.681838
1.444592 1.092954 1.63843 3.545544 3.105601 2.242249 1.587515 1.75048 1.414888 0.9862441 1.06572 1.273779 0.1390715 1.639181 1.342519 1.542266 1.313402 1.317804 1.289312 0.988169 0.9076546 0.5019709 0.7848865 0.9320123 0.9437205 1.204423 2.890176 2.621634 4.529427 2.058419 0.5560568 1.091897 0.9750106 1.621988 1.675784 1.130659 1.390793 1.453623 1.459352 1.173225 1.063213 2.61946 4.345834 2.133288 1.244262 0.8265626 0.84128 1.539658 2.285884 1.317576 1.047034 3.397888 3.325758 2.445977 2.95743 1.725103 1.21172 2.278654 2.589435 6.974449 12.72088 1.694983 5.979807 4.42774 3.311939 1.039591 0.9485882 1.05509 0.4541205 0.8053297 1.065057
1.936527 1.070572 0.8372344 2.032664 1.822104 1.690483 2.18848 2.235137 1.753281 0.9041948 0.876536 1.634207 2.278972 3.141217 2.688329 2.306101 1.837646 1.503585 1.675452 1.625937 1.067938 0.6149236 1.082752 1.418581 1.915317 2.52596 3.688888 4.453246 4.11122 1.416574 1.391761 1.216134 1.151503 1.497414 1.352432 1.129811 1.459981 1.313437 1.306384 1.067662 1.08155 2.443884 3.242055 1.535327 1.455305 2.002371 2.293568 2.160599 1.348434 0.4995434 1.403571 3.879834 3.633137 2.623188 2.36337 1.504937 0.2716667 3.661248 4.818724 3.846055 8.760156 9.133987 4.611502 3.016246 2.860178 1.623486 1.328443 0.8738424 0.5575325 1.422525 2.405771
1.919883 0.9702992 0.3716252 1.668233 2.902866 2.051201 2.074309 2.127748 1.648775 0.3613394 0.6539776 1.319278 2.758599 3.458595 3.336058 3.213997 3.021535 2.166089 1.520447 0.9543645 0.6611065 1.011113 1.63579 1.671386 2.013002 2.291112 1.609673 1.083458 1.375836 0.5840988 1.035939 1.632399 1.569674 1.173035 0.7172461 0.9471266 1.631785 1.256338 1.256172 1.305381 0.8283059 2.12545 2.734576 1.259867 1.784554 2.420756 2.866446 3.104338 2.671517 2.557834 3.186772 3.333743 3.121035 2.190363 1.636726 2.228064 2.550447 4.287122 4.870129 1.534216 1.690893 1.478002 1.495146 3.556975 2.026358 0.5425864 0.6546369 0.1857117 0.7521943 2.232596 2.969354
0.9657047 1.191178 1.455523 2.196841 3.06239 1.919447 1.706793 1.613474 1.705115 0.6896526 0.6542029 1.602433 2.139078 2.148447 2.515591 2.558442 3.146215 3.091108 1.93727 0.8608821 0.672947 1.538355 2.135454 1.675726 1.312576 1.401021 0.6274409 1.326526 2.429499 2.002231 1.463652 1.370147 1.417164 1.538217 1.091389 0.2033899 1.494032 1.188528 1.044824 1.903261 1.669687 1.379932 1.38376 1.407441 1.75358 1.69075 1.781177 1.915373 2.204548 2.472333 2.568533 1.988803 2.413965 1.958042 1.383522 2.827471 2.484262 2.37435 3.296374 1.947978 1.713841 1.828269 1.573872 2.597498 2.29148 0.9596907 0.5329302 0.6351334 1.242376 1.847934 0.6265079
0.8414713 1.213087 1.444896 1.807763 2.005415 1.803227 1.697698 1.52926 1.459334 0.8341673 0.9666138 1.785673 1.862269 1.844394 1.912639 1.280489 0.9234422 1.735914 1.875582 1.334138 1.06027 1.402152 1.691847 1.225235 1.546414 1.545671 1.702957 2.567034 2.410112 1.774233 1.662817 1.265646 1.316366 1.083956 1.064836 0.9441071 1.254292 0.847194 0.9018061 1.828844 1.915893 1.324346 1.195117 1.527524 1.803507 1.743049 1.781414 1.806374 1.840336 2.308986 2.07773 1.464907 1.797468 1.714518 1.422104 2.451232 2.804858 2.081971 2.456555 2.08693 1.733833 1.858012 1.788376 1.782331 1.588039 0.8496319 0.2392407 1.020419 2.627101 1.898831 0.7864005
1.515109 1.098288 0.9589114 1.163679 1.235298 1.418361 1.803638 1.760642 1.264747 0.8540932 1.575485 1.884055 1.385679 1.429026 1.311459 1.300134 0.7521768 0.6363871 1.012403 0.8355895 0.6577939 1.055574 1.579252 1.60366 1.433622 1.998721 2.479804 2.129274 1.34195 1.123692 1.329111 1.479139 1.362477 0.544526 0.5658206 1.123837 1.525982 0.8501378 0.3468114 1.739732 1.82704 1.404095 1.571688 1.941461 2.055029 2.064196 2.123496 1.830946 1.490448 1.036125 0.1213445 0.4590003 1.216187 1.412606 1.944577 2.349627 2.354339 2.410294 2.365782 2.556432 2.808196 2.301613 1.83019 1.945636 1.434218 0.6151081 0.612893 1.375281 2.522995 1.175911 1.297374
2.254049 0.9120305 0.4986498 0.9853894 1.037034 1.259992 1.613067 1.698164 1.314142 0.8529027 2.233094 2.361138 1.270972 1.062598 0.8524156 1.091053 0.8378149 0.5121267 0.8212119 0.9403843 0.996116 1.475006 1.963497 2.261175 2.367456 2.332718 2.20918 1.933484 1.760888 1.514964 1.397741 1.439617 1.131344 0.9746613 0.9347386 1.204927 1.028962 0.787663 0.6233368 1.133024 1.67105 1.258356 1.662125 1.898155 1.711931 1.687942 1.458989 1.140874 0.8030682 0.9704688 1.391131 1.636544 1.503126 1.61587 2.534995 2.417487 2.125023 2.127032 2.161819 3.253619 3.575275 2.097595 1.413506 1.704455 1.115723 0.4440463 0.9108862 1.255352 1.595512 2.104836 1.588059
1.683815 0.4390374 0.6231215 1.441386 1.318215 1.260669 1.581433 1.515067 1.449348 1.259584 2.293503 2.45656 1.136828 1.026971 1.162488 1.301952 1.053375 0.8302623 1.218028 1.318837 1.32827 0.8871617 1.481527 2.468851 2.275802 1.592063 1.788555 1.521012 1.258255 1.245424 1.269522 1.175686 1.146956 1.178832 1.083192 0.7907438 0.3150027 0.447969 0.9936458 0.1487394 1.23916 1.440355 1.386498 1.06447 1.25612 1.427852 0.8551627 0.09801423 0.4757246 1.154044 1.126864 1.150361 1.065861 2.152209 3.11517 2.527326 2.242693 2.026046 2.322363 3.037132 3.458333 1.845542 0.7463694 1.317652 1.330267 1.074085 1.195657 0.8687643 0.749004 2.295315 1.384202
1.90363 0.5268327 0.797303 0.9531394 1.325929 2.151999 2.282144 1.783557 1.71168 1.690164 2.406995 2.531174 1.419499 0.9895745 1.104784 0.9905394 0.8053728 0.6490577 0.9805229 1.227748 1.196524 0.9940102 1.309207 2.724884 1.53659 1.726102 2.097176 1.007677 0.7344186 0.8814657 1.35573 1.378838 1.390231 1.534415 1.472301 0.9127998 0.6684431 0.616682 0.7729378 0.6008241 0.8503587 1.459675 1.435676 1.265555 1.461904 0.9489068 0.6601507 0.8099028 0.5141317 0.09171679 0.7251427 0.8396438 1.16889 2.458493 3.399005 2.756626 2.428024 2.167214 3.615275 3.414486 1.350917 1.79407 1.591447 1.299684 2.692071 3.640347 3.076331 1.58004 1.01803 3.155141 1.537097
3.116492 3.732301 1.295853 0.2073052 0.6483725 1.69629 2.025019 2.917646 3.206369 2.227071 2.520177 2.254159 3.438148 3.737298 1.988726 0.4935222 0.5427104 0.784589 0.7611419 0.9589734 1.305529 1.707344 1.605116 2.235443 0.621935 1.862213 2.734203 0.4756181 0.3906118 0.8070723 1.374882 1.547651 2.791676 2.028681 0.7874005 0.9491907 0.5032848 0.8416063 0.894338 0.8824205 1.316815 1.484748 1.475158 1.658654 1.521056 0.8756613 0.9768677 1.002233 0.5025168 0.2598884 0.6781217 0.7577097 1.799928 3.23764 3.536475 3.224933 2.564223 2.097352 3.590435 2.151999 0.4654632 0.8346556 1.397471 1.353817 3.751783 4.17671 2.305534 4.056844 3.497619 2.555145 0.4155392
1.267473 2.110235 3.176776 5.13048 4.029873 2.612649 1.236113 3.204702 5.384029 4.890288 3.034316 1.044907 1.943485 4.394988 3.744368 0.9200734 0.7120166 1.173977 1.011404 0.4292048 0.8318947 0.9865528 1.234245 1.838181 0.8471495 2.559071 4.211734 1.006577 0.6428408 1.139172 0.9521183 0.6327105 2.307763 3.44504 2.478314 1.585836 1.100514 0.6935266 0.4700292 1.037419 1.44605 0.7430606 0.6654257 1.12063 0.9047675 0.9694239 1.276771 1.063771 0.8055675 0.6259201 0.7513589 0.7829372 3.335021 4.368152 3.737593 3.498445 2.295862 2.557345 3.943577 1.963067 0.5399525 0.3501841 1.298681 2.727162 3.575531 3.169253 2.939163 1.764053 2.854863 1.720743 0.7692467
1.657271 2.177007 2.205321 2.257585 3.898206 3.523571 0.7738491 1.104289 1.89924 4.683633 4.781757 2.210958 1.534528 3.691576 3.277193 0.8624487 0.8929851 1.261841 0.8312364 0.6292018 0.9506091 1.211689 1.730293 1.536295 2.350276 0.5604542 5.691169 2.078823 1.062576 0.9762497 0.4267906 1.077898 1.73655 1.396187 0.5015247 0.8049818 1.162626 1.12393 1.224351 1.409465 1.03181 0.3077353 0.5386317 0.8538612 0.4488011 1.2976 1.299551 1.339433 1.094379 0.8188363 0.6116955 2.139371 4.982403 4.739408 3.783828 2.92961 1.956589 2.648135 3.49743 1.056078 1.104837 0.4508123 1.548332 3.585888 2.994893 2.827199 4.127704 1.63103 1.180987 1.193697 1.468634
1.303878 0.8736828 2.532076 3.37999 3.353636 1.378152 3.495192 2.713952 3.129958 3.0741 2.166699 3.263142 2.968113 3.048015 2.000042 0.8010567 1.717838 1.326873 0.4330531 0.5329588 1.359748 1.854448 1.373808 1.071562 2.474408 3.747014 4.673263 1.419541 1.491706 1.619071 1.5987 0.06570325 1.849851 0.9187495 0.6647428 0.5859324 0.9537476 1.01659 2.333292 2.99809 2.314534 1.395758 0.9294749 0.725215 0.9440802 1.646787 1.436929 1.463176 1.070831 0.6575595 0.7512408 4.77447 5.68001 4.309158 3.754907 2.775778 3.051326 3.322168 1.784771 0.8173028 0.4181531 0.5954271 1.987113 3.218257 2.808069 4.415766 4.483344 1.979413 1.320369 1.101428 1.20707
1.397648 0.962464 0.8451278 0.6687329 0.5842969 1.027573 0.3392385 4.10009 3.719939 1.945659 2.648715 2.518207 2.918739 3.391336 1.668986 0.8855449 2.01072 1.385927 0.6427975 2.27713 4.066955 4.654195 2.310685 0.2596255 0.8534901 1.895763 1.811212 0.4511184 1.271896 1.750073 2.106344 2.460998 2.851649 3.672161 3.058053 2.199392 1.713455 1.553929 2.889372 3.588812 0.3819748 1.107088 0.5977515 0.1624122 1.442363 2.347134 2.059443 1.737494 0.9531572 0.4963357 2.982829 6.365982 5.286679 3.399938 3.876926 3.237843 4.121585 5.047052 4.602768 2.594678 1.245714 1.355743 2.335191 3.180756 3.077622 4.669636 3.450061 0.6912175 0.7718312 1.233595 0.6116442
1.608554 1.225147 0.7156548 0.8788213 0.7317913 1.143801 3.100053 3.242303 2.454989 3.236267 3.056426 2.513287 3.026227 2.578245 1.39869 1.15233 1.629934 1.51078 0.7369185 2.374492 2.408242 5.989161 6.944192 4.218143 2.115404 2.290176 1.654052 2.020404 2.528483 2.701624 2.671776 3.098938 0.8282228 1.66993 2.365838 2.726279 2.645045 2.626137 3.428109 4.299556 2.673512 1.192668 0.6844352 0.5562609 1.693808 2.348855 1.745973 1.275993 0.8125877 1.514652 2.855546 5.353008 4.724818 2.665052 3.694757 2.112279 2.969269 3.246056 1.670021 2.315104 0.9827915 1.384233 2.453808 3.060148 2.628111 3.21679 2.806156 0.7757968 0.4809085 1.455371 1.00633
1.65167 1.487073 1.19251 0.7539453 0.8360515 1.726341 1.666711 1.45155 2.0858 1.875787 0.7779568 2.75183 4.286896 2.560991 1.27577 1.340885 1.51017 1.179951 0.5430974 2.307702 4.526659 2.779179 2.561841 4.50124 3.896438 2.996386 1.576093 1.174125 2.019788 3.284146 3.568417 2.111817 0.7644728 0.6552897 0.9719173 1.798026 2.286811 2.585746 3.016237 3.534658 2.073926 0.6870606 0.7473261 0.09884946 1.444978 2.063583 1.982302 1.585594 0.3461869 1.587493 2.645087 4.715726 5.296566 3.562918 3.027137 2.20538 2.853927 3.787448 2.16853 0.9409276 1.079587 0.8577363 3.149093 4.355374 2.636544 1.601656 2.845693 1.658866 0.5384114 1.394883 1.993355
1.271477 1.636044 1.192749 0.2914155 1.062227 1.432095 1.624589 1.991825 1.869876 1.644269 2.575838 3.48182 3.463571 2.371887 1.229568 1.442028 1.607658 1.255589 0.7083291 0.6958537 1.728346 3.506515 3.435112 4.198934 5.338021 3.215886 1.442687 0.9973747 0.8680605 1.239085 2.466205 3.082659 2.588246 1.311663 0.6869256 1.149664 1.751752 2.403057 2.786575 2.932636 2.357717 1.199486 1.00518 0.9249063 0.9999998 1.551831 1.825049 1.897314 1.195313 2.230138 3.809438 5.271913 5.220931 3.431051 2.078371 1.728963 1.988644 2.001267 1.469599 0.3332794 0.6042151 0.1629397 3.664963 4.593543 0.5823289 0.5612454 2.26603 1.953843 1.770285 0.721402 0.5216833
2.588388 1.681498 0.5861026 0.698498 0.6587564 1.049221 2.492764 2.971324 2.311986 2.233662 2.215315 1.755063 1.93595 1.741759 1.273647 1.736593 1.732201 1.192497 0.5629385 0.851787 1.63446 7.351292 7.627833 6.595614 4.034602 2.562731 0.9562275 1.004946 0.6864735 1.755818 2.640139 2.809669 3.961125 4.313937 3.289121 1.949322 1.308078 2.989686 3.953075 2.128673 1.228672 1.387261 0.8862534 1.149103 1.178493 0.8644994 1.089405 1.716252 1.455339 2.573412 4.446553 4.862131 4.167186 2.643217 1.757429 1.678374 1.893984 1.98473 1.425142 0.4990532 1.312412 1.347004 3.079736 5.902484 5.622727 4.418121 4.168399 3.335231 2.062803 1.289727 1.173894
1.079226 0.3099891 0.2999491 0.8156267 0.5486493 1.153806 1.176397 3.607108 3.983377 3.271174 2.437128 2.219959 2.08152 1.75733 1.509943 1.830342 1.916192 1.179639 1.014196 1.90264 0.8486246 7.851779 4.018108 10.53893 2.381294 2.429039 1.589532 0.9850293 1.368382 2.176723 2.711865 2.924043 3.247036 4.007576 3.752152 2.684259 1.786931 3.286186 4.111639 1.826102 0.8365768 1.326977 0.9007457 0.1792001 0.2780327 0.4046949 0.2164387 0.7498204 1.114503 2.964461 4.816041 4.561564 3.616653 2.282424 1.527816 1.460257 1.632811 1.873912 1.195553 0.9966146 1.670552 0.9601706 1.19964 1.167359 3.43839 4.533154 4.970928 5.122543 3.446788 2.122119 1.786314
2.428349 1.390532 0.7583602 1.085915 1.223461 2.411886 2.958054 1.552026 2.80105 3.860553 2.652072 1.803099 1.957669 2.038556 1.945913 1.892478 1.805242 1.234572 1.414203 1.484881 2.185036 6.661829 9.460294 8.725644 1.759326 1.892746 1.796771 1.419827 2.00003 1.161149 2.434543 3.900548 2.419888 1.706248 3.105148 2.404166 2.911641 3.517907 3.608422 2.820846 1.726711 1.227048 1.368378 0.7369691 0.8649195 0.9360926 0.7662236 0.7620226 1.28467 3.278707 4.740071 4.45089 4.27823 3.810635 2.675655 1.140915 1.431805 1.381025 1.011848 1.890345 2.219652 1.731784 2.046325 1.003344 1.501976 2.182072 3.498975 3.885016 3.870797 4.015034 2.635591
1.417154 0.5970387 0.493866 0.9788501 1.037423 1.467208 2.520422 3.449967 3.089375 3.22995 2.644156 1.439257 1.692248 1.954064 2.103769 2.220949 1.747879 1.194979 0.7577065 1.711195 2.881947 2.312914 2.133733 2.909756 1.923413 1.714504 0.9240263 1.872537 3.575413 1.485655 2.637951 4.916363 1.294103 2.117463 1.894656 1.986354 3.326021 4.363701 3.60631 2.681174 2.177344 1.37705 1.905298 2.078272 2.031758 2.086935 1.647348 1.859867 2.783002 4.145044 4.923752 4.160825 3.996373 2.652274 1.366598 0.8122025 1.209347 0.6212277 1.281755 2.854589 2.24212 2.053606 3.282974 3.848657 3.323594 3.365516 4.76215 3.803664 2.906638 4.308605 4.180856
1.069695 0.7295669 1.072971 1.676925 1.502149 1.424134 0.7609845 0.8827662 1.574417 1.959441 1.760652 1.546039 1.583914 1.54081 2.484988 2.937249 2.248209 1.730326 1.232686 1.313625 2.593725 2.352346 0.7872578 2.288463 3.005468 1.821649 0.7120311 0.6202713 3.418686 2.545397 2.69944 4.11479 1.591475 1.374001 0.500953 1.256467 2.342581 4.207825 4.718921 4.346714 3.899486 2.84357 2.454611 2.523819 1.460798 1.587946 1.849708 2.917293 4.060978 4.92911 4.849341 3.376448 2.303575 2.453404 0.8625202 0.5451354 0.9229863 0.751546 2.318005 3.253936 2.248321 2.159174 1.419577 1.866208 2.911773 3.022986 4.811854 3.910181 3.128926 4.164583 4.957638
