SpatialData/TOP/slopeperc_30m_matchextent.asc
ncols         299
nrows         658
xllcorner     582840.57256934
yllcorner     4505984.7454546
cellsize      30
NODATA_value  -9999
[rows 403 to 433 of 658, columns 71 to 141 of 299]
2.563419 2.177815 1.039243 1.04119 1.213542 0.9526676 2.454451 7.76269 9.391307 10.42161 5.422362 6.018505 7.116589 4.915284 2.373607 1.937208 4.82466 3.8557 2.383647 2.633673 1.579437 1.91169 1.765031 1.554453 2.177794 1.485412 3.396119 4.543602 4.748432 3.927639 1.344213 0.6672596 1.867229 1.684585 4.640064 4.685282 3.056792 1.894284 2.850168 4.055338 4.158847 3.901248 3.118619 5.726593 7.07306 0.7129087 1.053461 2.383222 3.380792 2.765219 3.615195 6.341951 4.602003 5.364318 2.892097 8.830398 7.135886 3.407164 5.341876 7.381853 8.139802 13.03763 7.113183 3.647358 3.457791 1.608259 1.147616 3.631449 3.305497 0.731295 2.337365
2.439512 1.553521 0.3626412 0.9167466 1.272762 1.049613 4.123342 4.041672 4.426959 4.661002 3.487409 5.489472 6.413574 6.280866 4.83417 3.617956 3.970798 2.420334 2.123813 3.624163 3.825697 3.280597 1.243851 1.070289 1.950826 1.819921 0.2116765 2.268955 3.974013 3.439313 1.325089 1.440987 0.5870966 0.5829459 3.379277 3.401417 1.635852 1.509844 2.868054 1.441622 5.5902 5.698762 6.535876 6.888545 3.737505 0.8108953 1.271441 3.166667 4.604379 4.093132 7.302089 11.00041 13.05077 10.14227 5.789232 9.261989 5.454076 3.626785 6.635876 8.340184 9.723474 10.13751 5.036184 3.852603 3.265586 2.320781 1.715478 1.859374 2.866196 3.166851 1.720937
1.683306 0.9203379 0.5249661 0.3354225 1.942911 2.065325 3.174455 4.175878 3.894132 3.786211 3.859032 5.049485 5.283648 6.503311 7.589091 4.701207 3.164487 2.438907 1.762359 2.013096 4.22081 4.137776 0.5168183 0.6869214 2.040278 3.004438 3.025293 3.501193 4.429167 3.049841 0.8645741 1.69222 2.415942 1.968162 2.726394 3.363657 2.443878 1.34568 1.831219 0.7340053 5.669219 6.478419 2.669563 1.378045 2.759925 2.571477 3.570803 6.222393 3.827963 2.127661 7.638154 5.66756 6.317632 6.253466 9.800042 9.827744 2.878622 7.763293 10.31252 9.636177 8.213184 7.216694 2.84723 3.700687 2.569094 2.096678 1.940137 0.3902036 1.04345 2.800024 3.387714
1.16617 0.7833039 1.015238 1.576493 2.108067 2.806768 1.27352 2.46548 3.843293 5.119128 5.170463 5.240247 5.525482 6.017702 7.453553 6.11071 4.498477 3.709428 2.471508 3.372973 4.224513 2.888887 0.8063261 1.879521 2.320859 2.5867 3.575545 4.277739 3.548593 1.850507 0.1792168 1.210168 1.656005 1.375203 1.630556 3.3209 2.703343 3.964649 3.37791 1.124371 5.20384 6.686223 2.313037 2.275108 1.162025 2.823276 8.321459 8.596783 8.321328 5.968879 8.727563 4.570863 5.82768 7.003531 13.38922 12.92773 8.389552 11.93834 12.2226 10.19366 8.054135 5.357298 2.81493 3.94664 2.070586 0.359669 1.685041 2.443895 1.379983 1.438398 2.625837
0.4225355 1.148909 1.161389 1.657586 2.248022 2.176549 0.4052897 0.7763366 1.75496 2.687326 3.767517 4.904029 5.755899 6.431715 6.235304 5.995396 5.537479 4.312515 4.33717 3.999244 2.677184 0.9154283 1.251334 2.207398 2.06203 1.97927 2.236604 2.598543 1.904684 1.1124 0.9552183 1.730215 1.029203 0.7526395 1.382215 2.847437 3.58674 4.410135 4.393818 3.607614 4.55045 6.250068 4.410982 0.248074 1.960194 2.291647 8.997478 2.200141 7.524127 5.358374 9.982268 9.144299 6.193511 7.328562 10.7398 12.48769 5.481405 9.793284 4.868907 3.336593 1.204137 2.71349 4.623941 4.864855 1.736959 0.5551926 1.286929 0.5916969 1.953079 2.040479 2.530468
0.8551002 1.398984 0.938 1.185289 1.712502 1.273093 0.4165308 1.108731 2.349196 1.610224 1.99152 4.353245 5.345325 6.640545 6.064737 4.987019 5.209461 4.216664 3.604653 4.297456 3.947507 1.093128 1.742791 1.659813 1.273791 0.8656341 2.442837 3.700262 2.864333 1.536035 1.113428 1.66947 0.9200091 0.07499094 1.056233 2.286708 2.886826 2.509862 3.538803 4.571689 4.986076 5.725598 5.309575 3.118002 0.4902375 5.488791 6.482613 3.003266 7.401993 5.976928 7.914497 11.07163 5.631781 4.585548 9.100787 10.85883 1.209274 8.85171 1.648068 1.668341 1.124933 2.639487 5.015727 4.873776 1.543159 4.314873 3.228919 0.5906839 0.4556686 1.055805 1.30407
1.888157 2.078683 1.441369 1.442006 1.39476 1.165271 1.319006 1.816582 2.094532 0.9191554 1.038078 4.759303 6.32515 5.628109 5.794702 4.949584 4.946961 3.947658 3.70956 3.534319 3.783725 3.6321 3.821206 2.323396 1.221341 1.380838 2.950946 3.516647 3.127455 2.153785 0.8168011 1.183687 1.071468 0.4410754 0.9195592 1.738843 1.759816 0.6761147 2.161877 3.040524 4.739178 4.732639 3.751113 4.94332 1.965935 5.046575 5.46255 1.609395 7.514318 6.975102 3.515469 9.795843 11.14092 1.310719 9.884132 12.11251 3.149384 7.690495 1.180355 0.7375388 1.274316 3.820396 4.921095 2.116505 4.156336 5.009702 5.629489 3.445811 0.7842496 0.4984245 1.120685
2.324527 2.195658 0.7541292 0.8322389 0.7596378 0.8550074 1.16326 1.670458 1.869958 1.727467 2.291251 4.980824 6.572291 4.822849 4.545142 4.887498 5.480983 4.019811 3.869209 3.486412 4.507536 5.085785 3.836477 2.94351 2.126026 2.286582 2.052118 2.504462 0.9644482 1.885246 0.9799868 1.287388 1.287288 0.7434511 4.371485 4.927285 4.834093 1.283839 1.530673 2.262027 5.515544 3.924784 2.720672 5.475801 3.27119 4.205593 8.880928 5.658092 13.09238 6.885442 4.828813 9.642962 14.92471 8.526527 6.51587 13.60075 4.276366 5.498493 0.9419492 0.7727757 2.412358 4.744461 3.246852 1.827002 3.728294 1.646896 2.800392 3.153037 2.515563 4.296942 3.606564
1.952498 1.480097 1.184638 0.6711149 0.6653303 0.9844128 0.9003476 1.194922 2.011367 2.858003 3.797322 4.332448 5.077681 5.334281 4.553431 4.247221 4.372974 3.742896 3.020937 2.882555 3.863898 3.756377 3.031147 2.515539 2.486287 2.275328 1.852947 1.574651 0.279586 1.141618 1.250405 1.417082 1.338215 1.351862 4.246952 1.698551 6.261677 2.392684 2.347936 2.52359 4.539683 4.20235 3.767783 6.507529 5.818921 5.280121 9.31564 3.482206 20.27823 5.401309 13.48338 8.385563 17.67902 13.56495 3.061791 11.77186 6.22084 2.695443 2.173075 1.973807 4.228851 3.716802 1.027709 3.350036 3.060992 1.283828 2.234725 1.41823 2.999728 4.063524 4.36633
1.654828 0.997147 1.174078 1.11076 0.8298 0.6368066 0.6804501 1.379379 2.532296 2.652927 2.222329 1.92739 3.91519 5.439661 4.778127 4.227678 3.417995 2.847877 2.24368 1.948027 1.097305 1.818615 3.929385 2.993138 2.06062 1.835277 1.694612 1.313402 1.01726 1.074005 1.440774 1.442325 1.346603 7.614252 10.73036 9.057815 7.637603 1.367471 2.290447 2.901232 3.282162 3.178385 1.149705 3.954281 6.729419 3.929004 7.47287 11.35588 20.92093 5.110811 20.00745 0.8317432 21.3469 15.35296 1.832598 12.14525 9.647338 4.841377 2.8011 2.358477 4.276941 1.122014 0.546366 2.632513 3.300263 1.129304 2.394543 2.095743 3.34311 1.675136 0.5455656
1.058259 0.8974683 2.0725 1.766807 0.8056601 0.465516 0.9683958 2.238491 2.611658 2.277467 2.695793 1.97503 3.382061 4.267075 5.052526 6.644133 4.542215 2.388808 1.976079 2.563956 1.654749 0.7166719 1.700749 2.76138 2.96652 2.090699 1.152153 0.6555989 0.6463279 0.9978406 1.559101 1.493369 0.8642111 11.41344 9.05926 14.13402 10.71564 1.692873 1.263817 2.799607 3.550887 4.081269 4.139458 5.203392 4.49402 1.177218 4.761137 9.270828 16.67846 6.419004 21.84706 16.06665 21.46144 11.60942 2.631793 15.48743 8.767969 5.993372 2.484675 2.516534 3.249036 0.7517488 1.683395 1.888631 1.500991 2.026849 1.310181 2.521238 2.105621 0.9174015 1.826542
1.531915 1.382063 2.107919 0.8991424 0.8496617 1.259965 1.382401 2.417689 1.690962 1.798334 3.428828 2.655704 3.298903 2.645552 2.592562 5.972285 4.599902 1.979172 2.54608 3.829926 5.014913 2.754481 1.44129 0.2672782 1.152167 1.90704 1.018827 0.7089521 0.9551761 1.320428 1.602073 1.527462 1.077682 11.57743 13.83475 15.77388 8.175632 1.589283 1.521764 3.20154 3.756552 5.480072 4.97399 4.947442 4.415217 2.480175 2.39496 5.639844 13.95425 7.461652 14.12074 17.26731 13.65525 6.009188 3.705983 13.00639 9.62435 4.542898 1.33516 2.321548 0.9794641 2.054227 2.121195 1.924775 1.147419 0.5457845 1.004795 2.104896 1.703 1.18123 1.750441
1.996677 3.259535 3.866158 2.359081 1.049129 1.251654 1.482297 1.835698 0.9258681 2.387807 3.591968 2.132406 2.80339 3.318856 4.385313 5.35153 3.187054 1.549188 1.374562 0.4951099 1.958629 4.637704 4.923394 0.6143805 1.353582 0.5624532 0.9989741 1.585999 2.183728 2.512933 1.386289 1.464173 1.577723 3.965887 9.276003 8.292083 3.292937 0.4448508 2.412462 3.756698 3.685052 4.928699 4.848675 3.617433 2.620555 3.065928 2.939012 3.186784 10.6665 13.34724 4.690578 2.7499 4.350542 1.94408 3.913347 8.78912 7.005961 1.287196 0.6100568 1.563333 0.9216574 2.177502 2.22835 1.29192 1.46593 0.5663759 2.752586 3.24848 2.182172 1.076172 2.801965
2.624813 7.46557 8.640732 7.93767 4.068311 1.441807 1.655317 1.141505 0.9782135 3.335999 2.883556 0.6568566 1.785851 4.926812 5.811958 3.444468 2.173358 2.022015 0.8016571 2.550899 3.256942 1.832359 3.874541 2.878813 1.106795 0.2896393 0.5831937 1.226018 1.66881 3.134967 0.9133763 1.265346 1.79179 2.956799 1.586387 0.705195 1.904107 3.289619 2.569027 3.598691 4.41679 4.615515 3.037902 4.051657 3.371775 1.276245 2.185133 1.832617 4.158117 10.78091 12.89557 10.5367 6.644629 2.544464 4.606711 8.595652 7.069073 1.773507 0.5740051 0.7995901 0.934937 2.762651 1.307645 1.321393 1.199417 0.8406367 3.131979 3.459421 3.907723 4.221748 3.46157
2.635919 7.902576 5.438377 5.477999 5.505674 0.9034663 1.60438 0.7599428 0.7557004 2.277676 3.807238 2.145705 3.578772 5.923261 4.794279 2.039955 2.513439 3.094399 2.68893 1.77871 0.8621976 2.580601 2.184028 1.315729 1.464566 1.141071 0.7116439 0.7634771 2.014563 2.250796 0.9592736 1.156804 1.850913 3.31169 2.041529 1.293074 3.467118 3.050643 2.581411 2.822721 4.737753 3.872314 1.85847 2.128939 3.597958 2.937115 1.353702 1.270488 1.305818 2.587586 6.694582 10.31558 11.8982 8.616456 7.424445 8.827668 5.126875 0.1066448 0.3671745 0.539462 0.6112434 2.077059 2.22175 1.532337 1.050849 2.703313 1.897667 3.282736 2.848092 4.991271 2.914992
3.362992 5.156605 5.708955 4.990991 4.973543 0.4887219 1.680485 1.269776 2.000525 1.538873 1.033578 4.741874 4.718221 4.419775 3.063814 0.9652179 1.967583 3.702815 3.922963 3.317384 2.56589 1.85834 0.4666656 0.05327173 0.7142234 0.9493809 1.220726 1.244037 1.483294 1.258592 0.9279404 0.987794 1.583614 3.06934 2.919404 1.589585 3.093735 2.488321 1.294716 2.347963 3.863527 3.721493 2.595263 1.862988 3.424088 3.237971 1.463437 1.04081 1.412732 1.511735 1.826221 1.737978 5.237048 8.452098 7.392459 6.187251 1.839403 0.7253462 0.7349287 0.8056554 0.596381 0.7239797 0.8598148 0.6189766 2.736026 2.255141 1.62663 0.890793 3.996068 4.022863 0.5712864
2.583809 2.471189 1.808793 2.941812 1.77177 1.302199 1.506231 0.5389737 1.524112 2.232162 4.213871 4.769733 5.335186 4.301059 2.314482 0.4450847 0.6255899 1.235557 2.662204 2.779426 2.251693 2.504292 1.910852 1.26089 0.8697358 0.7778515 0.7997038 1.525397 2.093713 0.996776 0.6982105 0.9176602 0.7132432 1.579746 1.750019 2.578281 4.630179 2.915733 1.025992 2.388021 3.50256 2.563832 3.020655 3.03051 3.56616 2.635357 1.006953 1.523576 1.746816 0.6600584 1.574825 1.422136 0.6742197 2.28267 2.763481 1.964492 0.5965605 0.8853162 0.6795 0.8012518 0.7459427 0.9364256 1.062136 0.9068346 2.531533 1.640828 1.332597 1.837706 2.277366 0.390832 2.478986
5.871408 6.257181 1.254123 1.481032 0.6477012 1.511797 1.561604 0.7051471 1.562953 2.807803 2.888454 4.631454 4.844546 3.328844 1.455731 1.012716 1.331904 2.207539 0.6073254 2.179904 2.657899 3.40314 3.881896 2.059295 1.08368 1.098129 0.7195567 1.472373 2.521043 1.709838 1.250365 1.933408 2.202688 2.040048 0.6541018 4.938737 5.185836 3.582977 1.499038 2.704093 2.90325 2.243246 3.268969 3.47743 2.950737 1.606651 0.6905251 2.574964 2.941784 1.435724 1.315462 1.972767 1.113751 0.2339696 0.2644975 0.4417155 0.9508267 1.086555 0.8880734 0.9576332 1.295188 1.326565 1.010953 0.9383006 2.076929 1.603204 1.284383 2.05958 1.385259 1.710364 1.601392
3.340326 6.991112 1.548001 1.231592 1.459362 1.77753 3.384749 3.077319 3.302513 2.43769 1.914389 2.95172 2.687396 2.355672 0.9631182 1.585136 2.439414 0.7324422 1.197071 1.185463 0.9068851 2.290135 3.767323 2.301619 1.082736 1.301977 1.076519 1.80062 3.072559 2.448823 0.6884063 2.074109 3.637372 3.607187 1.31433 4.868145 3.17986 2.198855 1.817183 3.133962 2.789049 2.669453 3.1504 3.034652 2.024333 0.932116 0.6836821 2.840891 3.553191 1.59363 0.08950423 1.963681 1.035852 0.8592273 0.5509178 0.5304512 0.6476316 0.446569 0.7967919 1.436779 1.576474 1.267192 1.01291 1.17941 2.057753 1.951676 1.861594 2.835891 0.5882661 1.414564 0.7421459
8.043155 4.683061 0.7248765 0.4191337 1.976335 3.732428 4.169994 2.012788 1.045269 0.9049254 1.155465 2.984045 2.08915 2.820518 2.425517 3.057025 2.937097 1.393149 1.286324 2.133446 2.062901 2.198573 3.401419 1.863652 0.7907477 1.030923 0.4447711 0.3398548 2.156836 2.983741 1.034825 0.9688432 3.369987 2.252886 3.828011 4.093851 3.04055 1.460442 1.485615 3.875142 4.507937 4.064241 2.788731 2.290473 1.063033 1.018497 0.9416952 1.509765 3.557479 2.900887 1.753211 2.282001 0.6405845 0.3556588 0.4865704 0.6462909 0.154164 0.5548128 1.199637 1.099117 1.112952 1.06734 1.64545 3.387203 3.188082 0.7558009 2.315624 1.799344 2.555536 2.34076 1.005338
4.323249 1.588052 0.8710274 0.694686 0.8971329 1.77917 2.338012 0.7978774 1.089025 1.288987 1.55121 2.690028 1.050891 2.287592 4.00199 2.899841 1.927397 1.466376 1.86138 2.081671 1.646729 1.854602 1.755842 1.000956 0.7983533 1.441803 1.614389 0.7736419 1.890864 1.843734 2.515705 1.884551 3.992998 1.013684 2.471868 2.011583 2.31791 1.168905 0.6726374 3.977899 4.790898 3.18077 1.969379 1.152555 0.5853433 1.163321 1.464972 1.302749 1.687026 1.430801 2.594234 3.120111 2.205082 1.121031 0.5688022 0.4307693 0.7939325 1.311515 1.607244 1.408596 0.6576676 0.807693 1.645478 3.302517 1.784542 2.448429 2.313156 0.256268 2.44211 1.224868 2.126634
1.900334 1.659768 1.156604 0.860978 0.771643 1.851328 2.270994 0.6544591 0.6456419 1.936781 2.145215 2.218262 2.031353 2.93453 2.772279 2.959012 2.425624 0.7452824 0.5115253 1.035529 0.4515914 0.3908857 0.7280159 0.6281091 0.6235172 0.9979464 2.040763 2.238304 1.723818 1.399268 1.788498 1.639004 3.752295 2.59053 0.6156909 1.845322 2.657847 0.8660524 0.2635321 3.502095 5.481547 2.537288 1.229315 0.7182769 1.003472 0.7583199 0.9005217 1.72521 2.756739 2.811631 1.8628 0.3544978 1.811703 1.814213 1.366784 1.191675 1.300929 2.097058 1.988984 1.222411 0.7510954 1.178384 1.061286 2.386898 2.703757 3.532178 1.622272 0.7104237 1.927408 2.100129 1.424236
1.846946 1.672545 1.733989 0.9871123 1.060502 2.616349 2.174385 0.8396162 1.176175 1.937766 2.066689 1.858013 2.353052 2.072261 1.735018 2.340153 1.887873 1.223818 1.900733 2.543798 1.890411 0.7918006 1.02054 1.935289 1.361578 0.06678121 1.023665 2.279942 2.825659 2.2608 0.608964 0.9104518 1.731163 2.274166 2.263241 1.620901 1.67584 0.5334599 0.6221892 2.401812 3.625463 3.11056 1.656631 1.169217 1.850212 0.2428412 1.234051 1.148826 2.6639 3.610473 0.6349141 1.325202 0.7836434 1.669729 1.343613 1.65257 2.437879 1.480612 0.05859706 0.2606385 0.6236694 1.346069 0.7521328 1.239627 2.477763 2.154038 0.2495573 0.08947881 0.8653668 0.7472357 0.1448733
1.395346 1.50876 2.247061 1.538136 1.483732 2.065991 1.234637 1.486934 0.8632542 1.506768 1.30542 1.78114 3.104982 2.770396 2.022908 1.630178 1.588149 0.3771696 1.058803 0.6017677 1.532084 1.225358 0.7537426 0.2078642 1.648667 0.4438305 0.9577168 1.564868 2.431032 3.285184 3.193603 2.893749 1.981937 0.7892913 1.001627 1.586583 1.266313 1.008285 1.58151 2.318485 2.153247 1.639652 1.013624 1.161365 2.6867 2.891791 1.37824 4.316695 6.707536 3.309605 1.972641 2.609484 1.254718 1.511644 1.163996 1.381413 2.463678 2.770895 1.953921 1.069849 0.9091669 1.64345 0.9537601 2.103453 1.277602 0.9653499 0.7714925 0.6151264 0.9651392 0.8728473 0.5909208
1.268353 1.350889 2.547873 2.971044 2.375067 1.640789 0.1779641 0.9602873 1.891575 1.862403 0.369213 0.7282791 2.818661 3.79626 3.325862 2.158547 2.079926 1.918276 1.294176 0.4686734 1.397324 1.707757 1.069277 1.96463 0.99291 0.7265692 0.7669012 0.6473947 1.112232 2.331025 3.248498 3.211861 3.10798 1.93682 1.219758 1.149504 1.203425 1.122273 1.699347 1.873422 1.531646 0.7626711 0.9095569 0.8831364 1.81238 2.793357 3.155495 7.280308 4.983432 4.388775 3.152839 0.4048807 1.216554 1.512226 1.310257 1.175116 1.278777 1.702686 1.955497 1.489932 1.150824 1.653059 0.9785071 1.816504 0.9285641 1.821691 2.35733 1.763825 1.779488 1.871927 1.174562
1.276275 0.8358768 1.724074 2.189965 2.626987 2.774506 0.7739769 1.708942 2.191145 1.056146 0.3941142 1.419354 1.718291 1.897121 2.81811 2.855463 2.52203 2.452377 2.067033 1.417102 1.828186 2.128333 0.9999126 0.5058029 1.754757 1.926706 1.323155 0.9187526 1.184652 1.338887 1.392579 1.96334 2.775495 2.479817 1.942685 1.365951 1.112157 1.37794 1.747186 1.646189 0.8089936 0.9106905 1.804294 2.455867 1.931972 1.547883 0.8873446 6.061877 10.24678 7.683633 3.248588 0.7071534 1.125604 1.60287 1.638239 1.370103 1.10769 1.101127 1.219823 1.121554 0.7455333 1.14651 1.101856 1.396943 0.2413272 3.085984 2.17376 1.742991 1.242924 1.153036 1.412516
0.9365935 1.247335 1.580209 1.52255 2.391858 3.176482 2.231127 1.996418 1.628355 0.986517 0.5566689 1.052643 1.552061 1.462829 0.662369 1.716568 2.48569 2.493416 2.140062 2.18556 3.163063 3.728416 1.752041 1.906185 3.576788 2.795799 1.724741 1.264144 1.800193 1.27977 1.138648 1.223666 1.726946 1.745138 1.426538 1.049321 0.4179756 0.6596289 1.156134 1.080335 0.3449159 1.448338 1.965191 2.786609 2.673879 3.322482 2.902753 2.745646 2.826626 3.286893 3.583079 2.231224 1.486724 1.636171 1.897359 1.641787 1.499684 1.256411 0.9863558 1.060515 0.5919908 0.4322224 0.6202801 0.7183725 2.867114 3.73999 0.9653649 0.6404906 1.272825 1.113287 1.610083
1.559748 1.475705 0.5008441 1.181181 2.1543 3.258029 3.175144 2.858652 2.029351 1.509283 0.5287619 1.234855 2.26786 0.7341501 0.3983066 0.9954715 2.10326 2.797707 2.408045 1.859754 2.708351 5.109998 5.429726 2.587362 2.644379 0.6885261 0.9431098 1.591489 1.768965 1.399698 1.627402 1.294876 1.431579 1.486921 0.8827649 0.6199018 0.4259306 0.51144 1.295401 1.058607 0.5664478 1.400997 1.562595 1.324043 1.192152 2.616378 3.168584 4.438363 2.389216 0.8091279 1.790921 1.782845 1.317317 1.37553 1.764163 1.91288 1.694673 1.25777 1.087045 1.203726 0.7076727 0.8203684 0.806545 0.3482537 6.120339 4.142286 3.497689 0.5280002 0.3436792 0.6278029 1.132614
2.718893 2.96902 2.533516 1.536698 1.12957 2.589659 2.8527 3.117069 3.002976 2.79389 1.244745 0.887273 2.648125 3.200862 2.093349 1.31183 1.089005 1.650925 2.234873 2.936835 1.676619 1.315619 3.906353 2.743234 1.030636 0.1292128 1.196954 2.396827 1.610149 1.606029 1.652719 1.304213 1.492457 1.930508 1.064433 0.6507761 1.170227 1.329734 1.618048 1.08349 0.6819189 1.56197 1.726577 1.346129 0.9250148 0.6965612 1.107973 3.514706 4.307083 2.670821 1.674989 1.687155 1.735785 1.194327 1.285736 1.992778 1.638806 1.29038 1.234588 1.189522 0.7256032 1.05575 1.07198 1.53426 6.401896 2.493879 3.612099 0.257564 0.3269434 0.8865421 1.474002
2.898259 1.957549 2.38799 3.449977 0.6364465 2.611626 2.340064 2.119257 2.698003 3.143963 2.255939 1.442403 1.558162 2.85475 3.093104 1.509123 0.7811477 1.15875 0.5560809 1.140637 2.967629 1.12499 0.9910296 2.218228 2.891099 2.69882 2.53651 2.22305 1.244135 1.699995 1.801251 1.307842 1.194231 1.745012 1.432984 1.190847 1.382882 1.409216 1.188763 0.2968786 0.9296407 1.836902 1.656222 0.9218371 0.7681121 0.5906402 0.2813636 1.215568 2.710729 2.226942 1.84372 1.924074 3.253327 2.51741 1.203519 1.63814 1.441079 1.323965 1.294875 0.8664379 0.7231967 0.7161367 0.6180006 2.345367 4.77546 2.716846 1.623241 0.4811455 0.229923 1.558017 2.163109
3.522588 1.539993 0.7894381 3.923764 1.967796 2.740889 2.336844 1.881527 2.375041 2.665243 2.631469 1.897374 0.4578283 0.4297824 2.001961 1.939033 1.392305 1.497059 1.134691 1.818426 2.29771 1.606433 1.686308 1.998652 2.230176 2.379135 2.187568 1.439808 1.111373 1.781644 2.165107 1.640581 1.283098 1.377086 1.340626 0.9431067 0.8978077 0.7282354 0.2655543 0.5979344 1.322199 1.730983 1.203157 0.4434237 0.6462507 0.2696474 0.4737191 0.3891005 1.873051 2.005176 2.154901 2.691947 3.913657 1.601006 0.8073834 1.193914 1.478918 1.632589 1.329697 0.5065036 0.4201343 0.2002411 1.160655 2.99662 4.242581 1.990219 1.094371 1.005873 1.138833 1.894714 2.145634
