SpatialData/TOP/slopeperc_30m_matchextent.asc
ncols         299
nrows         658
xllcorner     582840.57256934
yllcorner     4505984.7454546
cellsize      30
NODATA_value  -9999
[rows 217 to 247 of 658, columns 142 to 212 of 299]
-9999 -9999 -9999 -9999 -9999 -9999 -9999 -9999 -9999 -9999 -9999 -9999 -9999 -9999 -9999 -9999 -9999 5.47909 2.603691 1.968759 1.280867 0.7703396 3.259831 5.282815 5.576735 6.234691 6.772663 6.979311 6.946291 7.725501 7.361166 5.175776 5.330735 7.51791 7.14068 7.475776 8.276593 5.365124 6.34903 8.465295 7.44902 6.142276 5.213476 6.517117 8.984163 10.69029 8.49036 2.399543 4.671616 3.244032 1.111436 1.869261 8.645058 18.75369 29.30922 32.65099 16.67188 2.614195 4.145517 3.514058 2.306294 1.760473 1.032269 1.072813 0.7745908 2.17334 2.598907 1.394311 1.18024 1.421057 2.578496
-9999 -9999 -9999 -9999 -9999 -9999 -9999 -9999 -9999 -9999 -9999 -9999 -9999 -9999 -9999 -9999 5.808227 3.185848 1.683192 1.547654 1.157215 1.417293 3.087434 5.388681 4.489023 5.225557 6.901635 6.899143 6.621262 6.732791 6.350801 4.757901 5.765507 8.586712 9.059186 12.17692 12.87714 5.834413 2.936201 5.886125 8.555462 6.988354 5.138019 5.889585 6.735118 5.725698 2.646497 3.406486 4.922046 3.361438 2.457268 5.938704 14.75313 25.41428 34.2732 26.5975 8.015324 1.982176 3.576298 3.331826 3.062626 1.919595 1.643404 0.5709638 0.7964056 1.276412 1.497994 2.848373 2.467356 1.533051 2.04338
-9999 -9999 -9999 -9999 -9999 -9999 -9999 -9999 -9999 -9999 -9999 -9999 -9999 -9999 -9999 -9999 4.676883 1.813135 1.706841 0.9638981 2.155009 3.079091 2.040317 3.724963 5.075629 6.399683 7.627574 6.679281 6.586311 6.563907 4.797707 4.396311 5.446659 6.541851 5.562814 9.092619 15.26461 12.51979 6.739397 5.112985 6.804173 5.553324 4.389073 5.963789 6.408569 3.985761 1.904694 3.101141 3.698386 3.132131 6.207764 11.25954 20.55785 30.36618 30.24092 14.80009 2.106493 1.909092 3.51624 3.446907 2.117939 0.8528249 0.6091931 0.5395377 0.7394959 1.01415 1.177115 0.8549152 2.162329 2.917251 2.197038
-9999 -9999 -9999 -9999 -9999 -9999 -9999 -9999 -9999 -9999 -9999 -9999 -9999 -9999 -9999 6.467628 2.936829 1.778641 1.462884 1.189755 3.057446 2.573031 1.46934 2.210052 3.874489 5.963204 7.129144 7.006396 7.126215 5.853752 4.049391 4.955314 5.39173 5.296884 4.372816 4.731597 8.248206 11.67528 10.76535 8.476928 7.956647 4.4166 5.396374 7.747978 5.098134 4.03009 6.544137 5.634223 4.010659 3.190457 11.6196 17.17472 25.64281 30.32022 21.05852 6.852352 1.26471 2.77989 3.655141 3.075285 1.550848 0.3312856 0.1176006 0.7295601 0.8316967 0.9722418 1.06335 1.152047 1.427114 1.104811 2.338303
-9999 -9999 -9999 -9999 -9999 -9999 -9999 -9999 -9999 -9999 -9999 -9999 -9999 -9999 12.01211 9.629251 5.809402 2.292981 1.187587 1.047737 2.53305 2.377678 1.604699 2.707398 4.970937 5.929281 5.061094 6.97508 6.974586 4.602087 4.12481 4.906844 4.073179 5.406449 6.701729 6.023423 6.562366 7.466555 7.74911 8.074667 9.49715 8.007212 8.650846 5.268848 4.443526 9.774697 9.340466 6.609945 3.272373 11.80914 19.00481 21.23765 25.28898 23.7618 12.87212 3.501804 2.043086 3.488554 3.389886 2.329652 1.153373 0.2818671 0.5110974 1.146035 1.323811 0.7443948 1.238604 1.274954 1.277587 1.496046 1.286781
-9999 -9999 -9999 -9999 -9999 -9999 -9999 -9999 -9999 -9999 -9999 -9999 -9999 -9999 14.38601 7.357648 6.493103 3.637985 2.188076 0.6648397 2.002306 2.62429 1.501808 2.561913 4.935155 4.784839 4.502968 6.888982 6.086357 4.07845 5.52142 5.49642 3.138494 5.018709 6.120291 7.402046 9.230479 7.036458 6.268395 6.836468 8.726831 9.488881 7.201128 4.251404 6.299024 11.55622 8.520329 1.870455 9.943913 19.53248 20.93003 19.38365 19.11077 16.19901 7.75063 1.984688 2.714834 3.235924 2.974655 1.636123 0.4730118 0.1629402 0.8919519 0.2478503 1.140523 1.22736 1.912306 1.294817 1.246183 1.532979 0.7619445
-9999 -9999 -9999 -9999 -9999 -9999 -9999 -9999 -9999 -9999 -9999 -9999 -9999 15.26957 7.041907 2.367603 7.525302 9.764195 7.130429 3.968542 2.357471 1.804116 1.012976 2.430826 4.472451 4.236335 6.666074 7.953895 4.980928 3.797133 5.75317 5.940266 4.567676 5.476439 5.250325 5.675415 9.146385 8.45385 7.301254 7.841705 7.12181 5.076978 3.936665 5.801946 6.304202 11.24639 8.883676 5.088547 13.80681 19.96459 17.20525 16.01874 16.02456 12.0575 4.91864 2.057143 2.867121 2.666497 2.556436 1.213241 0.3573136 0.6350555 0.2348632 1.070934 1.376234 1.688282 1.539123 1.422327 1.650714 1.227772 0.6788857
-9999 -9999 -9999 -9999 -9999 -9999 -9999 -9999 -9999 -9999 -9999 -9999 15.1409 9.131804 5.874972 15.14409 20.86359 19.79585 14.47211 9.288885 5.207118 2.380413 2.320147 3.030529 3.292028 1.832834 5.397585 7.259037 4.600733 4.058243 3.89798 4.746577 4.512202 6.124527 5.180395 4.162041 7.355717 8.128964 7.036959 7.499645 6.677496 3.778977 5.065918 6.426285 7.325864 10.70021 5.77161 4.447925 12.19205 16.63719 17.12001 19.01272 17.29627 9.544365 3.397076 2.627366 2.757819 2.441312 2.085034 0.9283611 0.1939714 0.8455068 0.1345563 0.8301671 0.9268114 1.264583 0.7687001 1.104884 1.98359 1.320648 1.082937
-9999 -9999 -9999 -9999 -9999 -9999 -9999 -9999 -9999 -9999 -9999 14.58703 10.63112 7.714522 22.72078 33.67748 29.00125 26.52938 20.47089 14.7882 11.1706 7.693848 4.769135 2.349478 1.308543 2.532184 4.448909 4.728813 5.310926 5.168932 3.013902 4.030032 5.368622 6.747648 6.281491 5.178195 6.524773 7.150396 6.790126 8.007838 6.859481 4.994734 7.132083 8.622748 10.00219 10.3649 3.442554 5.670624 9.252917 13.61094 20.78693 25.30937 17.1273 7.289945 3.673003 3.234239 2.585449 2.127559 2.074341 1.767264 1.206537 0.05383693 0.9115254 0.9934805 0.8534567 1.144827 0.910418 1.222234 2.089246 1.503254 0.7283835
-9999 -9999 -9999 -9999 -9999 -9999 -9999 -9999 -9999 -9999 -9999 14.31821 8.327068 22.30018 37.44023 28.7598 19.30494 25.24566 21.78822 15.92714 14.35037 12.04693 7.814345 3.178084 2.228434 2.101175 3.551184 3.877294 6.00397 5.998819 3.398708 4.003008 5.335252 6.399784 6.674035 5.418626 5.951666 6.017498 7.96167 11.13514 7.702738 7.032488 8.778668 9.304809 8.283149 7.163618 1.62037 6.168227 7.829274 15.67714 29.95326 27.59148 12.6228 5.072874 3.402497 1.884745 1.371321 1.282886 1.597496 1.364766 0.6810544 0.724128 0.8715004 1.337325 1.2636 0.4721406 0.4333041 1.94445 1.689726 1.40736 2.198721
-9999 -9999 -9999 -9999 -9999 -9999 -9999 -9999 -9999 -9999 14.4628 12.62093 18.15426 37.1319 31.08082 11.57085 7.193237 19.06322 20.7607 13.44177 12.3893 13.32315 11.07406 4.261792 2.945647 2.230442 1.009951 2.166272 5.367846 5.089063 2.971947 4.144203 4.625745 5.161011 5.816319 4.87558 5.648758 4.818038 6.770998 10.96406 8.904975 9.0296 11.01241 8.349577 4.954866 7.006004 5.004051 5.014886 7.822282 20.83475 34.20835 22.40902 6.397073 2.538302 4.124011 2.664122 1.214042 1.281353 0.6753599 1.903675 2.364032 1.64407 0.6038155 0.542484 0.7562577 0.729824 1.389392 2.609804 0.8920955 3.715587 4.714742
-9999 -9999 -9999 -9999 -9999 -9999 -9999 -9999 -9999 10.86648 14.88316 15.67927 33.04984 37.76565 18.04819 6.718329 5.954943 15.73423 18.79918 10.09067 8.832141 12.16905 13.05822 5.521755 1.776126 1.834467 1.278637 1.981782 5.085586 3.941964 2.800823 3.788289 3.475485 4.663702 6.225772 5.877842 6.232925 7.215623 7.610513 10.13185 10.08855 11.31351 13.8516 6.296504 1.324739 5.549231 8.08522 7.285959 6.765769 23.65559 36.09804 19.35765 2.585913 2.047893 4.906404 5.137501 2.26638 1.217409 0.7664468 1.10787 1.227456 1.475093 1.414993 0.9637022 0.572127 0.7347172 1.881721 1.018944 2.782572 2.637616 1.277235
-9999 -9999 -9999 -9999 -9999 -9999 -9999 -9999 -9999 13.41329 12.82463 25.22235 38.64295 28.06665 11.40234 7.68884 6.308451 15.62739 17.38635 8.003083 5.992588 8.902045 13.06139 7.941681 2.915564 3.057332 2.938506 2.430939 4.627488 2.311922 2.241117 3.779209 4.02336 5.505917 6.413558 5.593567 5.994331 7.81935 7.22725 11.0995 12.23255 14.70513 15.4436 3.482313 1.139533 1.814682 3.616609 4.451969 9.33855 30.10537 35.57641 14.97765 2.052789 2.357221 2.12731 5.766108 3.59253 0.4844727 1.374644 1.336812 0.8870754 0.4421903 0.5512635 1.424016 1.880748 1.628415 2.136171 1.326006 3.129056 1.202299 1.184731
-9999 -9999 -9999 -9999 -9999 -9999 -9999 -9999 11.1199 13.41177 16.46433 36.12135 35.54993 18.84892 7.99031 6.225233 9.844083 17.20729 16.83 9.009295 5.007624 6.552917 10.31996 7.93921 4.222977 4.491781 3.952392 3.1573 3.879192 1.734992 1.091146 2.249131 2.882799 3.726174 4.770272 4.128414 6.421751 8.792167 6.357314 10.06713 13.24824 17.60288 14.83174 1.618587 1.494736 0.549024 1.145803 3.197531 14.81998 34.5811 28.24927 8.806997 3.7403 5.120242 5.374759 5.57689 3.38659 0.8105348 2.088185 1.100435 1.29359 1.415346 0.6195521 0.7098679 0.5028808 1.554982 0.819078 2.540889 3.430251 2.335466 2.262066
-9999 -9999 -9999 -9999 -9999 -9999 -9999 -9999 12.76411 13.29706 26.05829 39.9395 28.64448 12.10811 3.755198 4.232208 13.87499 21.01384 16.01655 6.664421 4.541154 7.87902 7.541997 4.551416 4.778322 4.958307 2.773413 0.3328775 3.520037 3.513896 0.5004272 0.9467888 0.8325647 1.838939 3.064502 3.385935 5.654432 10.69834 10.31478 9.001477 11.61263 17.17054 14.45403 5.405398 1.238113 0.5837287 1.555488 5.867115 19.96258 33.75834 19.65237 4.998228 4.477741 3.260746 3.891428 3.026839 0.842518 2.517156 1.737971 0.536629 0.5863 0.7394879 1.596563 0.2786455 1.075965 0.7974216 1.073472 2.033102 3.223093 1.909994 2.706625
-9999 -9999 -9999 -9999 -9999 -9999 -9999 10.43237 11.04851 17.38552 38.14592 36.15962 19.24883 7.330322 1.916898 5.791341 16.49953 23.19628 12.3125 2.893585 7.291024 9.49944 3.631271 2.990407 5.768798 6.218677 2.664193 3.16573 3.104016 5.923194 2.310005 1.214523 1.92556 2.105026 2.079967 2.490708 4.519693 10.29242 12.23515 9.071244 10.16355 16.08392 15.85435 12.35141 8.561035 5.594909 4.406951 9.225864 24.05548 31.26927 14.01842 3.91251 4.800421 2.076078 1.460558 2.053567 1.969058 2.155596 0.9122025 1.341903 0.4522764 1.187755 0.7056891 0.716585 0.8418936 0.4376161 2.66542 2.681077 1.385754 3.061016 2.709895
-9999 -9999 -9999 -9999 -9999 -9999 -9999 12.02521 10.17129 27.75339 44.46087 26.60569 11.85184 4.690489 3.231169 9.297345 20.09551 19.47828 6.932886 4.826241 10.86929 7.161636 3.52531 3.970375 6.328612 7.284046 3.736297 3.345621 1.01319 3.791067 4.509898 2.175571 1.382155 2.12398 2.365895 2.992453 5.208467 8.672034 10.8199 8.426879 8.133353 14.25588 14.71841 10.73887 9.493589 7.893997 7.328979 10.80737 27.22005 27.75418 9.924564 3.95831 4.130978 1.982234 1.445271 0.2144598 2.903216 1.916456 0.5820165 1.045208 1.029181 0.606577 0.5404574 0.1684793 0.2392517 1.23368 2.537309 1.404553 1.278684 0.8653516 3.309281
-9999 -9999 -9999 -9999 -9999 -9999 8.979903 15.33877 16.06685 35.20498 40.67715 17.38686 8.369762 1.539793 4.646476 11.05546 21.59955 13.82751 3.42665 8.010378 10.59858 4.827515 4.06335 4.263516 6.656719 6.192813 4.381116 4.55082 2.65712 1.143399 4.21117 5.050867 2.598624 1.734214 2.031172 3.828804 6.055316 7.848756 9.63325 7.558167 5.250309 10.41513 13.93991 11.86858 9.167991 4.66753 2.885887 10.46524 29.04196 24.32785 7.525794 5.135502 3.951531 1.57761 0.6251551 1.344296 1.734518 1.525053 1.328582 1.61278 1.289761 0.7949893 0.3038005 0.5017279 0.8870767 1.633396 1.307123 2.018774 0.7813123 0.4957327 1.069272
-9999 -9999 -9999 -9999 -9999 -9999 11.15466 19.23915 20.5706 35.35193 34.57862 11.50063 6.082829 1.5449 5.313481 11.9062 19.65228 11.33814 4.09781 10.15685 7.852182 4.169932 4.363379 6.439978 7.273314 4.831086 2.887692 4.172601 3.593952 2.274284 1.579275 4.475071 3.069333 1.588014 0.5611658 2.912482 5.836139 9.397755 11.61124 8.606951 7.103888 8.65218 6.819383 8.790687 11.07695 6.849825 2.560571 16.89207 32.55284 19.6685 6.217577 5.156674 2.268736 0.8473092 0.7104089 0.8662139 1.012336 0.9347134 0.4106597 1.663908 2.473336 2.186788 1.068171 0.3381243 1.949101 2.180217 1.561596 0.9059267 0.9942666 0.5213135 0.684302
-9999 -9999 -9999 -9999 -9999 7.756443 14.3752 20.38181 23.36956 35.26208 28.94668 9.139188 3.784609 1.867569 4.28536 12.68946 17.72768 11.03301 8.241405 9.023791 4.80346 4.195909 3.896769 7.337042 7.475516 5.695202 4.761606 3.368502 3.559208 2.946804 0.6275223 3.146987 3.015028 2.471021 0.8530956 0.9651872 2.668672 6.778345 12.5413 9.832147 10.47792 14.27515 7.829256 4.810307 8.380939 7.932794 6.206747 26.78914 31.90668 11.33831 4.501183 3.061918 0.7971305 0.5134194 0.1202663 0.3613663 1.03911 1.193613 0.8349003 2.023386 1.502671 1.471444 1.366153 0.4235173 2.297874 1.471328 0.7316465 1.706283 2.827739 2.517967 2.198192
-9999 -9999 -9999 -9999 -9999 9.932914 18.12352 20.47201 27.58589 36.28358 23.06318 8.206439 4.57729 2.841737 2.590765 12.55273 17.31664 11.33417 11.37895 5.417919 4.725343 5.758375 4.548853 6.364344 5.951156 6.469021 7.001812 4.281214 4.084629 2.987175 0.2062119 1.94455 3.066086 2.907935 1.341027 0.5361775 0.9080404 0.9553734 8.678921 9.197902 6.366519 13.22828 13.81605 8.983174 7.88296 7.910823 17.65841 32.03143 22.98195 5.459956 3.254965 1.490449 0.6961879 1.380044 1.718107 1.622668 0.9487399 0.4271159 0.8145886 0.9999263 1.2628 1.614146 0.8349995 1.129039 2.279999 0.827637 0.1151006 2.227085 2.494548 1.640968 2.050377
-9999 -9999 -9999 -9999 7.393107 12.89932 19.44293 19.82346 31.63074 34.5285 15.93377 3.575511 3.923588 2.351831 1.289068 14.19563 17.41452 12.40956 10.2173 3.221074 4.521191 7.332838 5.866831 6.127619 5.725647 5.419408 5.631612 4.961633 5.543292 3.287339 0.5389604 0.7908871 3.094837 3.683374 2.073637 1.343895 1.145573 1.327295 4.443388 8.987948 7.069087 8.311707 8.363864 9.546083 7.985682 10.66007 25.71489 24.54884 11.47578 3.794532 1.276723 0.5698528 1.006062 1.414375 1.486077 1.71481 1.718577 0.9653599 0.6391261 0.7908762 0.9375831 0.7946152 0.9620174 1.603917 1.720011 0.8314951 1.561734 2.001661 1.466547 1.21675 1.381363
-9999 -9999 -9999 -9999 9.627967 16.49439 18.67722 21.0168 36.16373 29.01021 8.678 1.624902 2.561894 1.314035 4.940356 16.19316 14.49739 11.10358 8.596509 3.419944 3.587937 6.828269 5.80515 6.879887 7.970586 5.999411 4.90343 4.255879 5.443405 3.696427 2.354831 1.63296 1.323005 4.763128 4.576918 2.160115 1.075737 1.55034 3.495158 6.470643 9.138283 10.6653 6.219634 7.319786 8.474926 17.20644 22.90634 10.19377 3.405908 2.881096 0.8617215 0.896018 1.385079 1.194282 0.7735422 0.5802112 1.085723 1.173732 1.344357 1.544398 0.3454406 0.6874495 1.90751 1.571649 0.9545614 0.9017147 1.314455 0.8200911 0.4720753 0.853015 1.698897
-9999 -9999 -9999 7.622949 13.11695 18.47622 15.75569 24.21989 36.68202 21.11983 4.717938 0.3395257 1.412745 1.2104 9.880936 15.7086 10.2682 9.083669 5.857192 4.085902 5.641425 7.929778 7.341741 7.016079 8.450174 7.040953 6.007318 5.10919 4.67885 2.810954 3.324526 3.55081 2.842088 1.808464 5.25443 3.143295 2.203768 2.904115 5.003028 4.797595 5.729488 11.68394 9.50227 11.09228 18.55422 20.62831 14.99813 4.196059 1.575895 2.07693 0.9163662 1.105258 1.109786 0.5752504 0.1849655 0.3733561 0.8898819 0.7608151 1.355736 1.242699 0.4519708 0.6840086 1.268122 0.1433522 0.2951407 0.6823351 1.209321 1.080691 0.3943591 0.3886891 0.419585
-9999 -9999 -9999 10.31773 16.06079 16.35316 13.68748 30.25482 33.63945 13.63586 3.626168 1.903769 5.094935 6.606907 10.45313 12.86213 8.743426 7.971932 3.58485 3.997968 6.138269 8.776057 10.95989 10.88395 9.930269 7.141832 6.189218 6.869672 5.184058 3.007421 1.801868 2.780089 2.97369 1.955576 3.20322 3.538816 1.557018 1.042181 4.540336 5.348099 4.81088 7.585302 7.487092 12.94447 14.20879 10.48449 5.800435 1.309513 0.5270687 1.43579 0.4232119 0.7961873 0.1706505 0.3660864 0.5015143 0.577217 0.957448 1.540973 1.815252 0.7993692 0.8626953 1.97504 1.209449 0.1854392 0.4678334 0.922672 0.7155166 0.6578189 0.846211 0.289017 0.1740657
-9999 -9999 8.032703 11.71186 15.72873 12.0682 14.31052 34.22161 28.7492 8.275696 2.432516 5.012978 7.964815 6.793407 7.885464 9.456841 9.647583 6.148401 3.663746 6.250418 6.432092 7.690652 11.36751 14.77687 13.8539 9.022715 6.396532 6.194468 4.950906 4.358306 3.039928 1.884276 1.706203 1.241359 0.665527 2.83587 1.687045 0.5571635 1.995713 4.492195 7.116152 6.320416 6.460104 7.912334 3.57314 0.8886627 1.075419 0.8113568 0.7968177 0.893373 0.3388104 0.3314172 0.6751834 0.974036 1.125265 1.203975 1.77457 2.103688 0.6443649 0.2614676 0.8344604 1.195193 0.5611748 0.3720265 0.5496647 1.076843 0.4676802 1.940662 1.991047 1.202923 0.4820797
-9999 -9999 9.954741 11.97628 14.20692 9.634432 16.59744 34.41999 25.52859 6.909316 1.049891 6.858391 5.739726 2.605409 5.5767 6.708134 8.909556 4.612097 6.448132 6.560361 6.47504 6.206105 6.989046 12.88189 14.05102 10.92173 9.179458 6.512273 4.26545 5.394267 4.714309 1.674579 1.787672 1.696105 1.155706 0.7008727 2.209354 2.016864 1.667756 2.588472 6.501431 6.245784 5.719729 3.603093 1.412091 1.09606 1.20495 1.408749 1.578264 0.915922 0.3624126 0.4745581 0.8531979 0.5048674 0.5109392 1.042812 2.232738 1.766549 0.9902176 0.2304602 0.5370737 1.655265 2.088393 1.281338 0.8683597 0.6799193 0.5306226 2.519671 0.6024094 1.943141 0.1371106
-9999 8.215549 9.086384 11.88143 12.56055 9.105241 20.29679 32.94091 22.72411 6.235597 2.196817 6.229707 4.050398 4.080502 5.844396 4.450069 6.632909 4.317284 5.060297 6.333699 6.917318 6.508769 7.32303 10.79778 10.58547 9.596012 9.053959 6.786634 5.032098 5.8057 4.81383 2.823578 2.027558 1.701176 1.793278 1.272622 0.6831155 0.8203773 1.591263 2.368294 5.171599 5.232905 2.886835 1.782918 1.427526 1.248882 1.564712 1.449879 1.197552 0.6503393 0.6522537 0.8264527 0.6147373 0.2739154 0.5694458 1.247484 1.698487 0.4266737 0.8540823 0.1877087 0.2926303 0.2887403 0.6492155 1.176701 1.232178 0.9298511 0.6818593 1.36721 1.961241 1.44228 0.3844559
-9999 8.701666 7.566651 13.28286 12.73529 13.15567 24.36799 29.5403 18.76775 3.725939 3.604503 3.646583 3.101263 6.418704 4.880057 2.484267 4.574362 3.876173 4.099099 4.88869 1.644323 7.535909 10.74344 9.861182 8.4287 8.410739 7.009099 6.067706 6.82491 6.273746 4.556703 3.615398 2.446732 1.506651 1.401942 0.9116408 0.8598284 0.8343922 0.1539561 0.8696535 2.84693 4.447274 2.474665 2.124827 1.96044 1.524997 1.482531 1.069451 0.9682182 0.5935448 0.6026405 0.5250306 0.2264065 0.6661336 1.333086 1.471884 0.9308585 0.2274498 1.02194 1.721931 1.300014 0.2684015 0.5788293 0.7772625 1.163368 1.201494 0.5628289 0.05880108 0.2697449 0.4500225 0.7686284
7.943199 6.903243 9.283375 15.39972 14.836 18.61086 24.07699 24.3065 14.04037 1.842058 2.324171 1.555715 4.176075 6.299732 2.78603 3.144261 4.188611 6.752594 7.77687 4.108037 3.158072 8.766617 9.715056 9.414731 8.696302 6.753035 6.092932 6.759834 7.766351 6.841744 4.961268 3.84394 2.722733 1.726974 1.224059 0.5266855 0.2019465 0.6557002 1.386407 2.068007 1.658206 2.634963 1.758335 1.918236 1.582873 1.269356 1.128508 0.7965097 0.7920372 0.9405632 0.7827274 0.8918974 0.9039562 0.4734851 0.9769893 1.179338 0.5725103 1.286718 2.365484 2.2155 3.030228 0.7826242 0.8360079 1.675367 2.074044 1.538939 0.630996 0.5579035 0.5269569 0.9844301 1.136762
8.00903 6.823942 13.70824 16.02737 17.49479 21.10242 21.80042 19.6984 8.486605 1.651068 0.5945916 1.04903 4.689057 6.393854 4.715866 3.91826 2.610193 6.319852 7.792017 8.089635 9.207541 11.07102 8.680992 7.767571 7.200673 5.626436 7.68649 12.03715 14.59108 11.69457 7.146576 4.738095 3.447943 2.447168 1.624015 0.7034392 0.3963772 0.1793874 1.037997 1.050485 1.278816 1.048569 0.5644982 0.7150044 1.100595 0.8556504 0.6026942 0.01426439 0.632606 0.8068437 0.5416259 0.7344071 1.132018 1.382868 1.382224 1.338889 0.3626735 1.202354 1.38261 1.489415 1.94005 1.547478 1.064344 1.990173 1.1824 0.789173 0.6186772 1.014472 1.315674 0.683916 1.900431
