SpatialData/TOP/slopeperc_30m_matchextent.asc
ncols         299
nrows         658
xllcorner     582840.57256934
yllcorner     4505984.7454546
cellsize      30
NODATA_value  -9999
[rows 310 to 340 of 658, columns 142 to 212 of 299]
2.640074 2.740287 1.071603 1.454762 1.245412 0.726131 0.8233032 1.412476 0.7053092 0.6455423 0.6577595 1.183919 2.655889 4.282826 3.520821 4.719598 5.132826 5.104647 6.078268 6.399242 5.745731 4.581459 3.32173 3.504711 5.507563 7.499799 8.141646 9.295074 8.616881 8.334617 9.299813 9.419647 9.25039 1.665401 6.356882 5.271049 4.008516 5.143217 6.566222 14.97096 22.93401 12.97964 2.970118 1.38766 3.205147 2.925996 2.824123 3.765399 2.284407 0.9761606 0.8841915 1.419281 2.516005 3.244524 3.36484 2.393402 7.256742 0.9299358 7.506125 1.063252 0.1818159 1.356521 2.082028 2.561155 2.880412 2.876814 1.188173 0.8458891 0.8079869 0.6646155 0.6088369
2.492781 3.08352 2.586111 3.148849 3.488742 2.898149 2.20441 2.17419 1.397939 1.187375 1.109762 1.108189 3.30439 4.256917 3.324022 2.933475 1.810414 2.192276 2.032247 2.426441 3.281306 3.892565 3.773599 3.767784 4.07852 5.533768 5.898657 5.218045 6.154815 8.371808 6.639823 4.485547 6.028136 8.149121 7.554567 4.870677 0.2187699 1.120479 6.587584 16.09522 20.16278 8.889975 1.49998 2.723991 3.87421 2.015698 2.046293 3.10941 2.703427 1.988095 0.8529089 1.454814 2.335053 2.871292 2.229644 7.491241 5.287698 6.529273 4.417605 0.8126991 1.200557 0.6858131 0.6628538 1.35832 0.9657369 1.306232 1.779132 1.143054 0.2993114 0.4228778 0.4844756
2.522071 3.055655 2.371053 2.331259 2.876908 4.020453 3.812773 2.359877 1.431375 1.829653 1.894287 2.115511 2.85312 3.604049 5.312825 5.33322 3.468889 1.864711 1.269438 1.854423 2.277576 2.953608 4.536045 4.6157 4.469783 5.555502 6.70359 5.522192 5.927746 4.49159 0.5810459 3.538524 4.751698 4.280019 2.281234 1.167856 1.21298 2.028408 11.11756 17.48884 15.23957 6.350991 2.635286 4.686332 3.624273 2.661048 3.8641 2.846249 1.841771 1.814373 1.356315 2.158846 2.985977 3.699727 4.473399 10.23134 1.103538 8.335575 2.244091 1.606508 0.6639225 1.456483 1.38056 0.7395158 0.3464544 0.1018783 0.9319953 1.157319 0.6480623 0.7139881 0.2554321
3.604466 3.633027 3.077072 2.180713 1.167925 1.284358 1.873254 1.761951 1.877418 2.334889 2.165262 2.671546 2.859938 3.723745 7.06326 8.946292 6.364792 2.814761 0.4373478 1.220681 1.523443 0.9932808 3.17497 2.752847 2.433932 2.58781 3.240769 3.421503 2.473454 2.109653 2.431461 1.365052 0.9961706 0.6056153 1.130343 1.598533 2.642277 6.524127 10.89314 15.15023 12.45164 4.64995 4.013061 4.84138 1.872508 5.471426 6.105887 3.772472 2.270748 0.7383211 0.6607627 1.415902 2.315171 2.761642 6.756353 4.827937 7.564866 5.98731 2.015527 3.500203 1.944897 0.8238203 1.898896 1.411819 0.9410491 1.140758 1.170098 0.9387697 1.241674 2.254352 2.867155
3.562992 3.575809 2.443954 1.846169 1.564504 0.8081366 0.9607543 1.252232 1.940125 1.355308 1.918109 3.190538 3.486258 4.487382 4.442198 6.918459 7.070992 3.385966 0.3985303 1.251532 1.55836 0.4317149 2.589074 2.028021 2.038188 0.7970492 1.532392 2.024402 0.2960749 1.322875 1.446693 1.437411 1.519343 1.113466 1.575552 1.276177 4.23527 7.049077 8.060149 12.69708 12.29137 6.852945 6.16644 3.260134 3.561163 6.20683 5.728725 1.183267 0.829102 0.4075506 0.2121897 1.173355 1.955548 2.896191 6.685558 3.19123 7.404243 2.2438 2.150588 2.529792 2.408604 0.9400858 0.9577309 1.248381 2.160007 0.9930589 1.336528 0.04230963 1.34455 2.092352 2.58285
3.174108 3.491073 3.106736 2.180263 1.442417 1.197549 1.167293 0.8757762 1.47375 0.9568756 0.8279679 1.452108 3.399509 3.80957 1.865598 7.334582 7.604282 2.786972 1.002017 1.191465 0.8211966 0.6190284 1.390609 1.744642 2.359496 3.168366 3.149159 1.749191 1.025717 1.065499 0.9355471 1.094149 1.509511 3.144161 2.373275 1.185945 2.71666 6.095403 7.949686 10.45789 13.43684 9.603278 4.949285 2.926043 3.804939 5.442273 5.69072 3.307751 1.481743 0.1649456 0.6001177 1.197429 1.545302 5.535956 2.252741 7.856658 3.70918 0.734802 2.707125 3.060563 0.7552672 2.210922 2.58839 1.806888 0.8770115 1.413413 1.131469 0.6993614 1.327945 1.554319 0.8533342
3.507255 2.58309 1.621288 2.951719 2.929802 2.242445 2.252222 1.813143 2.045026 1.105499 1.037231 1.61001 4.440392 4.412287 4.748534 7.608618 8.363064 3.935346 0.98009 0.6190629 0.3829633 0.6439722 1.384215 2.536937 4.290138 4.726971 5.278683 2.199464 1.354489 1.022055 0.3934157 1.014346 1.714994 3.871127 1.247151 1.534696 2.417403 6.204655 8.388944 5.563486 9.406413 8.926992 3.560357 3.746518 3.432866 4.624039 4.349898 2.052068 1.214706 0.81836 0.9005127 1.009639 3.536915 5.873294 3.673852 6.400559 1.803534 1.446666 1.423305 0.958207 1.248298 2.094369 0.7819944 1.559794 1.848484 0.7729387 0.5498365 0.9519358 1.514312 1.96011 1.652461
5.353638 3.794451 1.318793 0.674675 1.339725 3.698528 4.472398 2.362919 2.861209 1.398452 2.271605 1.128762 4.772602 4.99092 0.7228097 6.785667 9.267573 7.883426 2.870652 0.6574072 1.25952 2.96459 4.555313 5.506533 4.220021 5.088141 5.886403 1.945295 1.624984 1.488246 1.546508 2.612658 2.552749 2.797687 0.9044567 1.205636 3.821051 6.860683 10.63714 6.798891 7.781993 9.025278 6.467008 4.050008 3.220115 4.76603 3.861927 1.369017 1.206905 1.170309 0.7192329 0.3539829 6.457414 0.9277946 7.333333 1.888462 1.476789 0.987492 0.7672168 0.6436878 0.7105101 1.811766 2.202585 1.370871 0.9415946 1.512445 0.4134739 0.5230443 0.857628 1.489559 1.289514
8.060944 6.883582 4.032678 1.987529 0.1413943 1.216372 3.223122 4.590308 3.354356 0.9877237 1.434247 3.279265 3.067294 3.056852 0.5890408 4.024413 3.61779 9.340626 6.020532 1.856501 3.133868 5.24764 5.240117 4.22991 3.124396 7.183815 5.007009 1.130202 1.267281 1.134005 3.136091 4.543939 3.638657 2.097649 0.8043548 2.983088 5.579391 6.541885 11.83513 12.48028 9.500869 6.087179 7.341787 4.819186 3.56864 4.699295 2.229502 1.401639 1.477186 1.437341 1.159325 4.774784 5.651882 5.508101 6.001776 0.6873425 0.6834209 0.4407641 0.7594365 0.9713253 1.198458 1.87442 1.576285 0.5958983 0.6534233 1.117888 0.8608712 0.02358283 0.6179162 0.9373496 0.8757821
8.014938 6.46147 3.624046 4.381601 3.578983 1.72592 0.4121527 0.9775923 1.45298 1.436005 1.262799 2.019605 4.497438 3.665745 3.960271 3.985372 2.028644 6.855035 6.06618 3.375883 4.947959 4.831821 2.329268 1.228206 5.031735 7.890851 3.867841 0.8461908 1.194694 0.4288675 3.899573 3.077367 1.738605 1.483382 1.814576 4.481677 5.750134 1.769568 11.90518 15.27493 9.778102 4.440992 4.658156 5.964247 6.81358 4.746 2.380048 2.589392 2.381292 1.942851 1.81499 7.17553 1.083267 9.467317 3.136234 1.6171 0.9361455 0.4776026 0.724903 1.063813 1.592843 2.039535 1.465225 0.9532058 0.5014775 0.8239492 0.9398972 0.1902962 0.8876449 0.5525942 0.646798
6.605311 5.961351 1.034027 1.723977 2.463355 3.709581 2.780586 2.238744 2.434806 2.368666 1.084691 3.574041 5.56099 4.955006 3.432659 2.753508 0.6542409 4.110981 4.006928 3.826303 4.391665 2.289456 0.136142 1.768104 6.442216 7.30711 2.471275 1.416144 1.711079 0.3763499 3.081161 3.625102 0.9444971 4.460248 3.228894 6.043858 8.127643 6.149119 15.15618 14.72935 6.386255 4.632032 2.821419 4.8281 7.374391 5.354531 3.142016 2.843316 3.32735 3.03914 5.372216 4.573729 6.953319 7.542511 2.288967 2.78946 2.037752 1.091036 1.266679 2.117825 1.932544 1.25637 0.1894662 0.5998136 1.071693 1.278449 1.983153 1.805045 0.8499736 0.4340074 0.6271642
4.438579 4.045405 3.282578 2.359071 1.024082 0.8109113 1.595586 1.507683 3.243389 3.224568 1.062372 1.850947 2.394268 2.343796 1.202632 2.611095 3.730371 3.401383 3.064084 1.94597 1.124386 1.884394 3.189662 4.37735 6.873617 4.873318 1.507401 2.778048 3.421186 1.621771 0.818619 4.122665 2.232997 5.669649 3.522013 6.081563 10.41055 12.20541 14.17768 10.13016 4.332494 3.463042 2.174461 4.422476 6.043524 4.340628 2.711739 1.903845 2.457216 3.814807 6.372315 3.524286 8.240594 2.593024 4.191305 0.9028764 1.499691 0.6295089 1.576989 2.249411 1.048794 0.7161679 0.3569964 0.4630442 0.7313526 0.2621823 1.12811 2.205674 2.088286 1.47906 1.05846
2.273748 0.4023522 3.112279 3.555012 2.393776 0.7011688 0.3894487 1.142308 4.24475 2.543379 0.6916178 1.891352 1.815897 1.237869 3.606343 2.138381 2.057953 4.368149 3.980063 1.770239 0.8932417 2.897218 2.917 3.420662 4.626344 2.152459 2.448032 2.863294 3.890545 2.657704 1.76679 2.876663 5.083785 5.961303 5.230762 5.029537 6.364288 7.305521 6.32623 7.558489 4.840635 0.1571008 3.226692 4.592605 5.340341 3.843915 2.246815 1.873475 1.795122 4.854821 4.060879 8.11674 5.290437 1.602713 3.541969 4.216104 2.474412 1.634919 2.189241 1.401726 0.3713317 0.8876655 0.6021101 0.5411144 0.5041323 0.5158032 1.41884 0.7084919 0.3232097 0.5987953 0.2140766
1.894774 0.3088157 2.881627 3.505114 2.207212 1.573865 0.4348135 1.505628 3.393204 2.374615 2.460442 2.662938 2.944728 2.047238 1.552669 3.700738 3.210399 1.822754 2.48945 2.512873 3.728474 4.077718 1.884799 2.477477 2.62263 3.107086 4.396423 3.190431 3.491302 3.183488 3.540021 1.653758 2.858945 5.38102 5.64041 3.194007 1.41679 0.9466622 1.675221 7.088292 5.64801 6.350575 6.72592 5.492163 5.636229 4.326392 3.117775 4.386803 5.499008 6.621936 3.343875 8.447015 11.7073 12.25815 10.63654 7.656674 4.884419 3.536631 1.476228 1.327916 0.9636 0.4108638 0.5161577 0.2850766 0.3436549 0.2147663 0.3151562 1.018431 1.642877 0.9050726 0.452834
1.390869 2.457708 3.714782 2.212457 1.908464 2.646387 2.752231 1.376677 1.802974 1.465267 1.373033 3.581585 3.49893 2.142657 0.2993131 1.269164 3.029779 3.652992 1.267946 3.437319 4.788506 5.217987 4.226973 5.30578 6.197077 3.616018 0.9456565 1.927104 3.979992 4.646739 4.15498 2.115695 4.164639 5.061289 3.205412 0.2038673 1.743816 1.300836 1.356792 4.630636 6.390448 4.411657 7.169787 5.442974 5.298561 4.66825 4.042339 4.108445 5.898652 6.52112 5.921893 6.642916 11.66725 15.8186 16.03474 13.17427 9.55115 5.994527 3.623039 2.762803 1.909221 1.073718 0.881742 0.7378419 0.7616256 1.135528 0.2483149 1.013533 0.2714508 0.4334258 0.6133446
1.171916 2.586009 3.184947 3.347072 2.484321 1.592194 3.226977 2.505579 3.390282 3.142585 2.792996 5.250655 2.68025 0.9764475 0.06911754 0.1219221 0.430406 1.191004 4.470997 3.798841 5.176241 9.373942 11.40805 11.39644 10.51124 8.665835 4.525853 2.811046 3.863433 6.673679 5.052199 3.327331 6.267285 6.030755 2.360576 2.041519 2.535896 1.548517 1.301469 0.4800421 0.8855578 4.504995 6.008506 4.259746 4.434956 3.960056 2.315381 3.094495 6.508232 5.262119 6.901846 7.351331 7.429237 6.118479 9.358882 12.58937 13.18568 9.614484 4.676119 2.317789 1.62347 1.50698 1.564258 0.9892668 0.3202598 0.7355785 1.00328 0.07832215 0.8090636 0.6229034 0.5571682
1.626376 3.137208 0.9783548 1.563361 2.463673 2.21178 1.823251 2.850193 3.580461 2.857318 3.301878 5.197011 5.328886 4.913221 4.915485 4.496108 5.736404 8.644224 9.096746 7.562118 8.719939 10.28755 9.513325 6.34985 6.464528 10.34184 12.15862 8.730874 5.13693 6.701744 2.691393 2.75685 6.988569 6.836302 3.6546 3.306477 2.148743 2.879607 1.963921 0.6850291 2.28726 5.383127 3.862931 2.319158 3.834736 4.480847 3.619716 5.705462 8.125898 5.539157 4.214787 3.956631 3.595904 0.9493102 4.420394 8.138227 10.48178 9.900795 6.828159 3.028317 1.057672 1.20269 1.136002 1.077459 0.7506714 0.7694858 0.7636862 0.5008131 0.660557 1.454301 0.8255834
2.700294 4.744318 2.282848 2.856703 3.150876 4.485011 3.153096 1.601945 1.355637 2.707041 2.71708 5.541884 7.673311 9.832776 12.30979 12.48168 10.97318 11.37289 10.9852 10.11178 7.804199 4.514484 5.426716 5.028307 5.605722 8.155464 11.06122 12.8558 11.90301 9.092041 3.213378 1.80187 5.281899 7.16909 4.972188 3.765267 2.274817 5.547758 4.775231 4.043592 3.597905 4.991985 2.281582 0.5601432 1.489832 2.681003 3.111213 8.245467 7.829489 6.024978 5.409433 3.664743 1.619811 0.8010998 4.360045 7.922629 8.692809 8.802359 7.299368 2.858253 0.8152838 1.016721 0.9647632 1.001305 0.6692293 1.04552 0.8631647 0.8009249 1.221611 1.507035 1.971271
1.021762 2.581107 3.296313 4.65552 5.016881 6.60504 5.532735 3.364187 2.923326 4.769057 5.974367 6.670963 9.194048 10.3067 8.572765 8.504349 7.51012 4.748991 2.098096 1.764165 2.157295 3.365875 5.583952 6.943594 6.706281 5.268426 5.169176 8.881054 15.0392 14.86657 9.767243 5.128204 4.799678 6.828112 4.679294 2.914299 2.353967 6.749051 4.506314 1.14303 1.847441 3.449645 2.389043 0.9952031 1.24568 1.54667 4.552297 10.10042 6.551981 4.515073 5.045802 4.206921 2.883321 3.324481 7.073802 8.794643 8.559212 8.683608 5.930554 1.746938 0.5559254 0.721506 0.8425403 1.189926 1.098614 1.146541 0.8131105 1.469169 1.389286 1.792785 2.45703
1.921363 1.164314 2.097236 4.798196 3.596652 4.621649 3.706249 2.91198 4.428547 5.394918 5.151264 5.804343 6.505377 4.406058 1.96487 1.032284 1.984409 0.296625 1.909418 2.796811 3.058716 1.87585 1.360725 0.8403388 1.221884 0.3600935 0.7118474 1.645658 9.283996 12.61334 9.554621 7.445235 6.465042 6.956482 4.091413 3.751469 3.360988 5.244497 4.35879 4.262631 4.351125 4.865703 6.11883 4.861813 2.216101 2.01451 8.698318 8.753111 2.672394 1.463457 2.949927 3.61483 3.83745 6.536049 8.293999 8.13423 8.469 7.309422 3.022056 0.7184637 0.8086371 0.3734158 0.6232838 0.8577985 1.295875 1.324738 0.618454 1.867079 1.853105 2.055548 1.677353
1.608786 0.8665025 5.398028 5.391036 2.66747 4.638198 3.152555 1.756468 1.584559 1.0568 0.6731362 1.371677 3.425163 3.877824 2.258486 1.464228 2.214275 0.8422182 0.02903553 0.6548244 1.933275 2.790432 2.717702 2.290469 1.733517 0.8203769 0.07216693 1.315784 6.326197 11.87698 6.442102 3.824166 5.271023 6.529576 4.313985 3.720157 3.259006 5.051712 2.541342 2.275449 3.575902 2.660174 3.843446 6.299993 5.644303 6.130393 10.39644 4.95732 1.084177 0.5112292 1.235706 2.007102 4.831881 8.75723 8.450213 8.469746 8.475754 5.161831 1.14219 1.084429 1.198664 0.9917589 0.9918216 0.8427032 1.195696 0.9439934 0.7324558 1.894289 3.135426 2.941655 1.63248
0.09668099 3.252523 7.203865 2.813796 3.466706 3.477664 2.870765 1.512472 1.270228 1.852825 1.777894 2.394404 3.014399 2.9331 2.515885 2.0005 1.005693 0 0 0 0 0 0 0 0 0 0 1.184338 6.354103 11.51667 5.649432 4.022718 5.965953 5.263239 4.263592 4.814436 2.919157 2.330066 4.361638 3.395876 3.133712 1.568087 0.7054046 2.521817 4.46294 7.173186 7.438554 1.328419 1.424043 1.230711 1.43858 1.700358 5.370264 9.678599 8.793767 8.719688 7.958369 3.972457 0.7964749 0.8007255 0.6599171 1.221164 1.445423 1.307609 1.242368 0.751088 0.8650257 1.079666 1.043453 0.8889545 0.9321464
0.5834971 4.142792 5.428929 4.766536 5.867336 4.016126 3.454974 2.748242 0.9581962 0.9974055 1.196302 0.7664983 0.1663381 0.04178564 0.05005355 0.02958971 0 0 0 0 0 0 0 0 0 0 0.06660215 1.066082 7.527121 9.910437 4.704112 5.827052 6.413096 2.497717 3.237432 7.310532 5.040053 3.368182 3.969427 4.582696 4.810447 5.038595 3.943811 2.676318 3.601516 7.2157 3.731562 1.609773 2.171065 1.94428 1.876989 3.306284 7.712144 10.62072 10.08588 9.202906 6.173803 2.670038 0.7422837 0.2564237 0.5419259 0.4916058 1.086247 1.729798 1.550183 0.58047 0.3676461 0.6209022 0.1382761 0.6851824 1.300754
2.033092 4.649363 7.476008 6.513089 3.905043 3.088787 2.35801 0.9558651 0.03171402 0 0 0 0 0 0 0 0 0 0 0 0 0 0 0 0 0 0.2982253 2.099675 7.600309 7.683635 4.668092 7.276669 6.036273 1.584482 0.6429182 4.273349 8.555264 8.662339 5.942834 5.132125 4.045223 4.621597 6.335609 6.945174 5.60642 5.250791 1.744106 2.446402 2.758695 1.855166 1.964672 4.600077 8.573489 9.747628 9.45547 7.008892 2.982834 1.866514 1.00481 0.9381283 0.6955994 0.3479911 0.5371371 1.608538 1.245822 0.879288 0.2716626 0.4179808 0.6099386 0.9570955 0.8084304
3.454361 4.099822 4.185272 3.043 1.124638 1.185744 0.1213576 0 0 0 0 0 0 0 0 0 0 0 0 0 0 0 0 0 0 0 0.6066273 2.577921 7.146814 6.989803 7.097776 7.989495 4.387729 2.046192 0.5157757 1.435183 3.081485 4.762519 6.140406 6.559941 4.936717 3.672263 4.751196 7.28422 5.406109 0.0881759 3.931822 3.510932 3.099006 2.016409 2.843435 5.479674 7.703582 8.912056 7.899738 4.664063 2.103888 1.417792 1.396774 1.440747 0.2864588 0.7092461 0.8656719 1.500536 0.6645747 1.025058 0.7281809 0.8119425 0.9417996 1.10013 1.27594
5.149484 4.110214 4.408221 3.216326 0.1712962 0.5027239 0 0 0 0 0 0 0 0 0 0 0 0 0 0 0 0 0 0 0 0 0.765511 1.861085 6.066663 7.19919 10.01152 8.830914 2.624074 1.823158 4.25918 4.031586 3.530657 3.010637 4.188643 6.44241 8.73099 8.641979 6.46973 5.730611 6.694114 5.031259 4.069075 3.813569 3.627336 3.316267 4.73907 6.552559 7.518753 8.72768 6.578771 3.868407 2.675211 1.4029 1.305166 1.344101 0.2915302 0.4205921 1.199093 0.8211375 0.453142 1.170405 1.525393 0.7957606 0.8018247 0.8760356 0.7225712
4.267143 3.401835 6.5556 3.786647 1.374183 0 0 0 0 0 0 0 0 0 0 0 0 0 0 0 0 0 0 0 0 0 0.7363673 0.8921461 4.94571 9.300689 10.80939 8.150999 2.095763 3.436622 4.449173 6.108325 5.557108 3.651647 2.92815 2.918888 4.300599 6.560883 6.834718 5.040969 7.528168 8.561082 5.225649 3.550603 2.714573 3.22782 5.680154 7.418283 7.715247 7.122182 4.535214 3.659145 3.422861 1.768012 1.545206 1.283098 0.7172952 0.8693973 1.474674 1.087128 0.7480451 1.255084 1.309216 0.9821857 0.5769198 0.6419802 0.4788496
2.059703 3.764733 6.811696 4.097156 1.766056 0 0 0 0 0 0 0 0 0 0 0 0 0 0 0 0 0 0 0 0 0 1.109567 0.7873181 5.866416 11.73262 8.731108 5.394712 6.654891 7.016119 5.591685 5.365615 5.166855 5.520515 5.481329 4.375678 2.853245 3.066048 4.202984 4.317479 8.417081 10.82384 5.218157 2.310226 2.437477 3.667667 6.428645 7.409531 5.78325 3.785436 2.600699 4.017384 4.642881 2.541636 1.398532 1.269536 1.398519 1.373175 2.405097 3.418137 3.868016 2.279647 0.6977009 0.5408841 1.05934 0.7699522 0.2176164
4.681123 4.951653 5.43094 3.601591 1.536457 0 0 0 0 0 0 0 0 0 0 0 0 0 0 0 0 0 0 0 0 0.1413688 2.052396 1.306943 9.331173 10.53865 5.364046 3.840852 6.103899 7.261596 6.365267 5.314901 4.568243 5.395809 6.140411 7.405206 7.007822 4.478422 5.906066 6.009993 6.601067 9.856297 7.078665 3.743159 3.591125 4.911683 6.702138 5.972418 3.443336 2.225256 2.221559 4.362934 5.04468 2.555954 1.469878 1.223575 1.054898 0.9893627 2.347194 2.392291 1.817364 2.909965 2.894337 1.703759 1.085829 0.694936 0.1081007
7.118447 5.760623 3.57747 2.439356 0.9490834 0 0 0 0 0 0 0 0 0 0 0 0 0 0 0 0 0 0 0 0 1.173058 1.775219 4.88791 10.73512 6.321217 3.52628 3.739762 3.198784 3.031933 3.659203 3.964209 3.144725 3.418347 4.432924 5.879894 6.489532 7.045615 9.743801 6.487751 4.577776 6.346217 6.122954 4.855796 3.973102 6.090885 7.85023 5.725871 3.7899 2.610566 4.089384 6.076928 4.677024 1.834556 0.9531905 1.625976 1.298848 1.12884 1.800629 1.415114 1.687789 0.842016 1.96816 2.84996 1.134987 0.592607 0.3385437
8.338099 6.092493 2.376581 1.026914 0.3342155 0 0 0 0 0 0 0 0 0 0 0 0 0 0 0 0 0 0 0 0.3303334 2.104197 1.009908 8.364785 8.149426 2.803221 2.034231 2.775881 3.147968 3.545262 3.651669 3.234151 3.201311 4.233478 5.093497 4.779688 4.357523 6.93734 10.18816 10.0162 8.066979 6.580541 5.445897 5.292425 4.817776 5.334199 6.87591 5.503544 3.644239 4.654683 6.30017 5.560946 3.308798 0.967966 0.7376185 2.027533 1.126118 2.692276 4.043699 4.112169 2.521154 0.7038286 1.624275 1.620756 1.08289 0.6033919 0.4511003
