SpatialData/MAXJAN2/rattus_norvegicus_avg.asc
ncols         299
nrows         658
xllcorner     582840.57256934
yllcorner     4505984.7454546
cellsize      30.0
NODATA_value  -9999
[rows 58 to 86 of 658, columns 198 to 263 of 299]
-9999 -9999 -9999 -9999 -9999 -9999 -9999 -9999 -9999 -9999 -9999 -9999 -9999 -9999 -9999 -9999 -9999 -9999 -9999 -9999 -9999 -9999 -9999 -9999 -9999 -9999 -9999 -9999 1.3049E-1 1.26527E-1 8.37399E-2 8.817E-2 8.92147E-2 8.86086E-2 9.2893E-2 9.10675E-2 9.5341E-2 6.34401E-2 6.3608E-2 7.01086E-2 3.28912E-2 5.02788E-2 3.18521E-2 4.51409E-2 1.03822E-1 1.30787E-1 2.33619E-1 5.87948E-1 5.79557E-1 5.18857E-1 6.17066E-1 5.69973E-1 6.46164E-1 6.371E-1 6.27829E-1 5.73242E-1 5.86384E-1 5.76703E-1 4.90332E-1 6.47989E-1 6.1442E-1 7.01944E-1 3.35444E-1 3.02432E-1 3.24033E-1 3.03561E-1
-9999 -9999 -9999 -9999 -9999 -9999 -9999 -9999 -9999 -9999 -9999 -9999 -9999 -9999 -9999 -9999 -9999 -9999 -9999 -9999 -9999 -9999 -9999 -9999 -9999 -9999 -9999 -9999 1.31217E-1 1.27966E-1 8.79355E-2 8.9686E-2 8.91085E-2 9.16464E-2 8.69842E-2 9.07439E-2 8.65751E-2 7.36705E-2 9.53E-2 1.05465E-1 4.68399E-2 6.17352E-2 4.02092E-2 6.0285E-2 1.10312E-1 1.03997E-1 2.42269E-1 5.57794E-1 4.88614E-1 4.91694E-1 4.95489E-1 5.45228E-1 5.4929E-1 6.27428E-1 7.39926E-1 6.92937E-1 6.76414E-1 5.63682E-1 5.02561E-1 7.68978E-1 7.22846E-1 2.06476E-1 4.33417E-1 3.64872E-1 2.61339E-1 2.34105E-1
-9999 -9999 -9999 -9999 -9999 -9999 -9999 -9999 -9999 -9999 -9999 -9999 -9999 -9999 -9999 -9999 -9999 -9999 -9999 -9999 -9999 -9999 -9999 -9999 -9999 -9999 -9999 -9999 1.31084E-1 8.36037E-2 8.91888E-2 9.06627E-2 8.93996E-2 9.9998E-2 9.08047E-2 8.08053E-2 5.8334E-2 9.2942E-2 1.41324E-1 7.32681E-2 1.26957E-1 8.6361E-2 6.96603E-2 9.61319E-2 1.18544E-1 8.47927E-2 4.09905E-1 3.58748E-1 5.02493E-1 4.93119E-1 4.08565E-1 5.42611E-1 5.97006E-1 6.56061E-1 7.08937E-1 7.37516E-1 7.48121E-1 4.32615E-1 7.42051E-1 8.0261E-1 4.77504E-1 1.84447E-1 1.84062E-1 2.41472E-1 2.07727E-1 1.90195E-1
-9999 -9999 -9999 -9999 -9999 -9999 -9999 -9999 -9999 -9999 -9999 -9999 -9999 -9999 -9999 -9999 -9999 -9999 -9999 -9999 -9999 -9999 -9999 -9999 -9999 -9999 -9999 1.36052E-1 1.32556E-1 8.94668E-2 9.16195E-2 9.05138E-2 9.0384E-2 9.89304E-2 8.9828E-2 6.52574E-2 5.46588E-2 1.35829E-1 1.63544E-1 7.85378E-2 1.20168E-1 9.62273E-2 1.25218E-1 1.06169E-1 1.27244E-1 1.38669E-1 4.31348E-1 5.19921E-1 5.55966E-1 4.55389E-1 6.09356E-1 6.28694E-1 6.68201E-1 6.75075E-1 7.42154E-1 7.56965E-1 6.76815E-1 6.99286E-1 8.82975E-1 6.76765E-1 1.09552E-1 1.50776E-1 8.82754E-2 1.90031E-1 1.68298E-1 1.76692E-1
-9999 -9999 -9999 -9999 -9999 -9999 -9999 -9999 -9999 -9999 -9999 -9999 -9999 -9999 -9999 -9999 -9999 -9999 -9999 -9999 -9999 -9999 -9999 -9999 -9999 -9999 -9999 1.35956E-1 8.38903E-2 9.19801E-2 9.42036E-2 8.9757E-2 9.2887E-2 9.88565E-2 9.62925E-2 5.88421E-2 5.60849E-2 1.26805E-1 6.93503E-2 1.2585E-1 1.06085E-1 1.24348E-1 1.41652E-1 1.27855E-1 9.7976E-2 3.74595E-1 4.44629E-1 4.3567E-1 4.55588E-1 4.34269E-1 6.71723E-1 6.11973E-1 6.73583E-1 6.83198E-1 6.90298E-1 6.85387E-1 7.67886E-1 7.36415E-1 8.88109E-1 5.42683E-1 1.83013E-1 1.02733E-1 6.92267E-2 8.13215E-2 1.62106E-1 1.63642E-1
-9999 -9999 -9999 -9999 -9999 -9999 -9999 -9999 -9999 -9999 -9999 -9999 -9999 -9999 -9999 -9999 -9999 -9999 -9999 -9999 -9999 -9999 -9999 -9999 -9999 -9999 1.39013E-1 1.36113E-1 8.67364E-2 9.52265E-2 9.53312E-2 8.82499E-2 9.24883E-2 9.9746E-2 9.10437E-2 4.97872E-2 6.03731E-2 1.05627E-1 5.79214E-2 1.14633E-1 9.6933E-2 1.45067E-1 1.40788E-1 1.25512E-1 1.31403E-1 2.78093E-1 3.80868E-1 3.43174E-1 3.82098E-1 4.1211E-1 4.11689E-1 6.77952E-1 5.65203E-1 6.60559E-1 3.11477E-1 6.58158E-1 6.78942E-1 8.85233E-1 4.93647E-1 2.64648E-1 1.01044E-1 7.33218E-2 6.3169E-2 5.53289E-2 1.62666E-1 1.68629E-1
-9999 -9999 -9999 -9999 -9999 -9999 -9999 -9999 -9999 -9999 -9999 -9999 -9999 -9999 -9999 -9999 -9999 -9999 -9999 -9999 -9999 -9999 -9999 -9999 -9999 -9999 1.40137E-1 1.36252E-1 9.34553E-2 9.85346E-2 9.40552E-2 8.89821E-2 9.18105E-2 1.03167E-1 1.00289E-1 7.57738E-2 7.07965E-2 4.05402E-2 1.00926E-1 1.15566E-1 1.32816E-1 1.43898E-1 1.41205E-1 1.21218E-1 2.97008E-1 3.52759E-1 6.1008E-1 3.0608E-1 2.93005E-1 4.19426E-1 4.0349E-1 2.91202E-1 3.07373E-1 3.16098E-1 3.31206E-1 2.86763E-1 7.52216E-1 7.63795E-1 3.68423E-1 1.3216E-1 7.02184E-2 6.41082E-2 5.905E-2 5.42101E-2 7.91891E-2 1.77875E-1
-9999 -9999 -9999 -9999 -9999 -9999 -9999 -9999 -9999 -9999 -9999 -9999 -9999 -9999 -9999 -9999 -9999 -9999 -9999 -9999 -9999 -9999 -9999 -9999 -9999 1.42612E-1 1.3993E-1 9.20316E-2 9.8572E-2 9.8643E-2 9.15993E-2 9.61419E-2 1.05545E-1 1.11679E-1 1.1084E-1 1.15075E-1 5.2943E-2 9.57147E-2 8.77174E-2 1.10445E-1 1.24352E-1 1.43115E-1 1.75938E-1 1.86664E-1 3.87967E-1 4.05823E-1 5.96237E-1 5.751E-1 2.03195E-1 2.29484E-1 3.72059E-1 5.89863E-1 3.11928E-1 3.27601E-1 3.19116E-1 2.15338E-1 4.64985E-1 4.11876E-1 2.06787E-1 8.36588E-2 5.86019E-2 5.79746E-2 5.63737E-2 5.40009E-2 5.69289E-2 1.86453E-1
-9999 -9999 -9999 -9999 -9999 -9999 -9999 -9999 -9999 -9999 -9999 -9999 -9999 -9999 -9999 -9999 -9999 -9999 -9999 -9999 -9999 -9999 -9999 -9999 -9999 1.34518E-1 1.48824E-1 9.9447E-2 9.98995E-2 9.70929E-2 9.81548E-2 1.03759E-1 1.17114E-1 1.21425E-1 1.25857E-1 1.22141E-1 5.89996E-2 1.18388E-1 9.50219E-2 9.95152E-2 1.36624E-1 1.91033E-1 2.21112E-1 2.36174E-1 7.27105E-1 6.82956E-1 3.13541E-1 3.31144E-1 2.88528E-1 2.83775E-1 5.05401E-1 4.50068E-1 2.6606E-1 2.7276E-1 2.05267E-1 4.04605E-1 3.56247E-1 1.00322E-1 8.82036E-2 5.96892E-2 5.29448E-2 4.36869E-2 5.02125E-2 5.35701E-2 5.83396E-2 2.05911E-1
-9999 -9999 -9999 -9999 -9999 -9999 -9999 -9999 -9999 -9999 -9999 -9999 -9999 -9999 -9999 -9999 -9999 -9999 -9999 -9999 -9999 -9999 -9999 -9999 1.38319E-1 1.45381E-1 9.39138E-2 9.56358E-2 1.00028E-1 1.01005E-1 1.04967E-1 1.15818E-1 1.23027E-1 1.33762E-1 1.37274E-1 6.24188E-2 1.09268E-1 1.10587E-1 1.01383E-1 1.1879E-1 1.34908E-1 3.15146E-1 2.00621E-1 6.02157E-1 4.48696E-1 4.40152E-1 2.7797E-1 2.50068E-1 2.95667E-1 2.67849E-1 2.97241E-1 4.63427E-1 7.47675E-1 2.31083E-1 1.48088E-1 3.06157E-1 1.42151E-1 7.61246E-2 6.44749E-2 5.2048E-2 2.81146E-2 1.79974E-2 2.37358E-2 5.30959E-2 5.93781E-2 6.27002E-2
-9999 -9999 -9999 -9999 -9999 -9999 -9999 -9999 -9999 -9999 -9999 -9999 -9999 -9999 -9999 -9999 -9999 -9999 -9999 -9999 -9999 -9999 -9999 1.5218E-1 1.46984E-1 1.48559E-1 9.95284E-2 9.84039E-2 9.78014E-2 1.04478E-1 1.16505E-1 1.24061E-1 1.59068E-1 1.57261E-1 2.31829E-1 6.00469E-2 1.16316E-1 1.06988E-1 1.09033E-1 1.05013E-1 2.18915E-1 2.71875E-1 3.27661E-1 4.71334E-1 3.67972E-1 3.14746E-1 3.91941E-1 2.51394E-1 2.66625E-1 3.91085E-1 6.4679E-1 7.67553E-1 7.41418E-1 5.63069E-1 3.0355E-1 2.71353E-1 8.35506E-2 7.21399E-2 5.82956E-2 4.51773E-2 2.56454E-2 1.08475E-2 1.52957E-2 4.32096E-2 5.78984E-2 6.30097E-2
-9999 -9999 -9999 -9999 -9999 -9999 -9999 -9999 -9999 -9999 -9999 -9999 -9999 -9999 -9999 -9999 -9999 -9999 -9999 -9999 -9999 -9999 -9999 1.45771E-1 1.51323E-1 1.02298E-1 1.00843E-1 9.92171E-2 1.05734E-1 1.10642E-1 1.15475E-1 1.50073E-1 2.62835E-1 2.95159E-1 1.36928E-1 1.29572E-1 1.21404E-1 1.1025E-1 1.13324E-1 9.52921E-2 2.45614E-1 3.0025E-1 3.43162E-1 4.60521E-1 4.35786E-1 4.54605E-1 3.52059E-1 4.51878E-1 6.61897E-1 7.71839E-1 7.5356E-1 4.35186E-1 3.52186E-1 2.90647E-1 2.91237E-1 1.37644E-1 7.72253E-2 6.83971E-2 5.91098E-2 5.38907E-2 2.9029E-2 1.86887E-2 1.09595E-2 2.64782E-2 5.5156E-2 6.33862E-2
-9999 -9999 -9999 -9999 -9999 -9999 -9999 -9999 -9999 -9999 -9999 -9999 -9999 -9999 -9999 -9999 -9999 -9999 -9999 -9999 -9999 -9999 1.45402E-1 1.5292E-1 1.00384E-1 1.02207E-1 1.00382E-1 1.03502E-1 1.16147E-1 1.19127E-1 8.52387E-2 1.15058E-1 1.34465E-1 3.17761E-1 1.51603E-1 1.41916E-1 1.20091E-1 1.16352E-1 1.21132E-1 9.07883E-2 2.67308E-1 3.24582E-1 5.27998E-1 6.65914E-1 5.91263E-1 6.36447E-1 5.6525E-1 3.85993E-1 4.72702E-1 4.49901E-1 4.18791E-1 3.14879E-1 4.64249E-1 2.89633E-1 2.89044E-1 9.3752E-2 8.03618E-2 6.67666E-2 6.11373E-2 5.44119E-2 4.93722E-2 3.62081E-2 2.01577E-2 2.06488E-2 4.18145E-2 5.95487E-2
-9999 -9999 -9999 -9999 -9999 -9999 -9999 -9999 -9999 -9999 -9999 -9999 -9999 -9999 -9999 -9999 -9999 -9999 -9999 -9999 -9999 -9999 1.45882E-1 1.54237E-1 1.03938E-1 1.01821E-1 9.59263E-2 1.1315E-1 1.19748E-1 1.24732E-1 6.73058E-2 1.30128E-1 1.58897E-1 8.18917E-2 2.03837E-1 1.84417E-1 1.26961E-1 1.26739E-1 1.06675E-1 1.92788E-1 2.58008E-1 3.21583E-1 5.99973E-1 5.376E-1 5.51635E-1 6.63264E-1 5.6321E-1 3.53664E-1 3.3624E-1 3.21836E-1 3.09012E-1 2.92794E-1 2.92679E-1 3.14807E-1 1.58448E-1 8.98975E-2 8.47676E-2 6.93155E-2 6.73964E-2 5.95216E-2 5.68956E-2 4.91635E-2 2.99547E-2 2.42101E-2 3.25624E-2 5.64589E-2
-9999 -9999 -9999 -9999 -9999 -9999 -9999 -9999 -9999 -9999 -9999 -9999 -9999 -9999 -9999 -9999 -9999 -9999 -9999 -9999 -9999 1.50057E-1 1.53708E-1 1.01728E-1 1.03893E-1 1.01457E-1 1.11314E-1 1.22737E-1 1.29482E-1 8.30367E-2 1.28E-1 1.57803E-1 1.82203E-1 1.21027E-1 2.0794E-1 1.85689E-1 1.39562E-1 1.4767E-1 1.08151E-1 2.92198E-1 3.28161E-1 4.88459E-1 5.28E-1 5.19935E-1 5.00249E-1 5.04342E-1 5.54473E-1 3.3949E-1 3.26212E-1 3.12868E-1 3.03478E-1 2.97507E-1 3.1854E-1 3.3678E-1 1.1607E-1 9.87686E-2 9.1992E-2 2.70949E-1 2.46525E-1 2.38156E-1 1.54349E-1 5.4087E-2 3.62247E-2 3.53115E-2 3.54991E-2 5.35324E-2
-9999 -9999 -9999 -9999 -9999 -9999 -9999 -9999 -9999 -9999 -9999 -9999 -9999 -9999 -9999 -9999 -9999 -9999 -9999 -9999 1.67895E-1 1.51644E-1 1.56404E-1 1.03762E-1 1.05525E-1 1.19978E-1 1.56066E-1 1.31065E-1 1.3448E-1 7.63116E-2 1.62248E-1 1.93906E-1 9.99482E-2 2.52584E-1 2.18966E-1 2.10061E-1 1.61912E-1 1.86477E-1 1.64134E-1 5.51164E-1 4.0571E-1 5.90076E-1 6.11373E-1 5.02681E-1 5.07335E-1 3.95224E-1 3.73599E-1 3.44707E-1 3.26949E-1 3.09637E-1 3.36071E-1 3.57807E-1 4.04672E-1 1.9139E-1 2.51524E-1 1.35554E-1 2.86982E-1 2.89142E-1 2.65176E-1 2.47637E-1 1.96671E-1 4.74223E-2 3.76252E-2 4.24463E-2 4.10379E-2 5.0204E-2
-9999 -9999 -9999 -9999 -9999 -9999 -9999 -9999 -9999 -9999 -9999 -9999 -9999 -9999 -9999 -9999 -9999 -9999 -9999 -9999 1.56535E-1 1.63897E-1 1.07093E-1 1.08614E-1 1.26367E-1 1.59696E-1 1.47465E-1 1.44482E-1 1.23457E-1 1.25804E-1 2.65264E-1 1.15612E-1 2.01748E-1 2.23808E-1 2.27711E-1 3.57317E-1 1.85348E-1 1.68201E-1 4.141E-1 5.74965E-1 3.64204E-1 6.16599E-1 5.91659E-1 5.50619E-1 5.1355E-1 3.98872E-1 3.88336E-1 3.64632E-1 3.4432E-1 3.41807E-1 4.18867E-1 4.93147E-1 5.18877E-1 2.69415E-1 5.94345E-1 2.45612E-1 3.38169E-1 2.91321E-1 2.76787E-1 2.41975E-1 2.18764E-1 1.2882E-1 4.00383E-2 4.54294E-2 4.39398E-2 4.23924E-2
-9999 -9999 -9999 -9999 -9999 -9999 -9999 -9999 -9999 -9999 -9999 -9999 -9999 -9999 -9999 -9999 -9999 -9999 -9999 1.63347E-1 1.63549E-1 1.0691E-1 1.09942E-1 1.15043E-1 1.31556E-1 1.77416E-1 2.95683E-1 3.24016E-1 1.12716E-1 2.09386E-1 2.98925E-1 1.40411E-1 2.91615E-1 2.477E-1 2.46019E-1 2.58707E-1 1.22325E-1 2.31783E-1 5.22745E-1 5.91723E-1 4.65523E-1 5.75224E-1 5.96811E-1 5.67348E-1 4.3971E-1 4.24322E-1 4.16073E-1 5.57696E-1 5.24252E-1 6.30967E-1 6.96442E-1 5.46029E-1 3.35303E-1 7.0905E-1 6.2628E-1 4.19862E-1 3.54007E-1 2.93609E-1 2.57132E-1 2.39767E-1 2.15709E-1 1.48976E-1 4.94501E-2 3.99088E-2 4.4481E-2 3.7782E-2
-9999 -9999 -9999 -9999 -9999 -9999 -9999 -9999 -9999 -9999 -9999 -9999 -9999 -9999 -9999 -9999 -9999 -9999 -9999 1.61333E-1 1.67105E-1 1.11178E-1 1.14062E-1 1.31261E-1 1.86946E-1 1.87556E-1 2.09686E-1 2.25778E-1 2.09743E-1 2.56094E-1 1.42208E-1 3.26437E-1 2.56383E-1 2.62495E-1 2.66865E-1 2.51674E-1 1.22453E-1 3.84424E-1 5.19801E-1 4.04047E-1 5.90651E-1 6.09295E-1 6.25435E-1 5.18149E-1 5.34014E-1 4.77266E-1 4.74473E-1 6.20288E-1 8.37477E-1 8.88637E-1 8.35615E-1 5.86401E-1 6.58583E-1 6.25246E-1 7.03166E-1 4.32752E-1 3.69248E-1 3.02295E-1 2.69367E-1 2.5035E-1 2.06984E-1 1.35857E-1 3.95376E-2 3.32831E-2 4.63132E-2 3.55648E-2
-9999 -9999 -9999 -9999 -9999 -9999 -9999 -9999 -9999 -9999 -9999 -9999 -9999 -9999 -9999 -9999 -9999 -9999 1.63983E-1 1.70407E-1 1.10148E-1 1.13426E-1 1.34336E-1 9.83596E-2 1.08203E-1 2.43726E-1 2.63995E-1 2.09993E-1 2.52395E-1 2.70534E-1 1.41933E-1 3.2153E-1 2.79673E-1 2.44472E-1 2.5702E-1 2.3915E-1 2.74053E-1 3.98497E-1 4.17798E-1 3.89033E-1 6.62329E-1 5.3344E-1 5.5441E-1 4.8832E-1 5.05124E-1 4.59692E-1 5.24286E-1 7.28318E-1 8.07786E-1 8.49227E-1 8.49239E-1 5.47528E-1 7.32053E-1 7.00853E-1 6.83845E-1 4.38604E-1 3.84733E-1 3.2147E-1 2.99886E-1 2.63663E-1 2.26315E-1 1.32525E-1 3.70042E-2 3.37514E-2 4.47958E-2 3.62681E-2
-9999 -9999 -9999 -9999 -9999 -9999 -9999 -9999 -9999 -9999 -9999 -9999 -9999 -9999 -9999 -9999 -9999 -9999 1.64109E-1 1.1091E-1 1.14559E-1 1.2076E-1 1.57666E-1 2.08418E-1 2.97237E-1 4.26011E-1 3.03317E-1 3.2611E-1 3.61989E-1 1.63295E-1 3.09736E-1 2.85692E-1 2.4125E-1 2.57064E-1 2.68302E-1 2.48169E-1 4.01657E-1 5.32493E-1 4.41594E-1 5.95882E-1 5.93737E-1 7.46361E-1 5.42552E-1 5.25375E-1 5.09064E-1 5.45736E-1 6.78634E-1 8.03256E-1 6.77506E-1 6.88068E-1 4.09611E-1 7.16249E-1 6.26891E-1 6.80469E-1 5.87117E-1 6.6924E-1 4.18702E-1 3.66954E-1 3.27413E-1 2.80155E-1 2.40403E-1 9.60664E-2 3.54262E-2 3.52469E-2 3.85391E-2 3.71112E-2
-9999 -9999 -9999 -9999 -9999 -9999 -9999 -9999 -9999 -9999 -9999 -9999 -9999 -9999 -9999 -9999 -9999 1.61324E-1 1.72125E-1 1.14466E-1 1.22144E-1 1.42925E-1 2.04134E-1 1.30015E-1 5.07384E-1 3.68342E-1 3.2655E-1 3.55372E-1 3.69408E-1 1.86555E-1 4.67476E-1 3.98219E-1 2.31972E-1 2.4641E-1 2.65423E-1 3.25356E-1 4.23994E-1 5.4119E-1 3.81885E-1 7.19469E-1 5.04871E-1 5.61666E-1 5.50537E-1 5.40878E-1 7.70088E-1 6.85953E-1 6.43319E-1 7.3736E-1 5.86024E-1 6.98186E-1 5.07929E-1 7.29899E-1 6.76131E-1 6.2123E-1 6.25962E-1 6.23353E-1 4.39707E-1 3.99554E-1 3.43575E-1 2.91682E-1 2.02012E-1 5.59352E-2 3.80178E-2 3.36118E-2 3.41698E-2 4.42445E-2
-9999 -9999 -9999 -9999 -9999 -9999 -9999 -9999 -9999 -9999 -9999 -9999 -9999 -9999 -9999 -9999 -9999 1.65378E-1 1.08372E-1 1.18213E-1 1.30201E-1 1.50992E-1 1.76922E-1 3.58277E-1 4.44283E-1 4.75572E-1 4.39303E-1 4.77753E-1 2.17517E-1 3.53068E-1 3.57788E-1 2.39212E-1 2.33719E-1 3.11365E-1 3.63507E-1 4.50216E-1 4.69115E-1 5.65309E-1 6.15994E-1 7.14504E-1 7.14522E-1 4.23717E-1 4.07961E-1 7.18086E-1 7.47072E-1 7.40927E-1 7.36464E-1 6.8359E-1 8.10735E-1 5.18201E-1 8.03196E-1 7.5864E-1 7.54526E-1 6.25555E-1 6.16317E-1 4.48203E-1 4.51958E-1 4.12281E-1 3.515E-1 3.00803E-1 6.96964E-2 5.81191E-2 3.64798E-2 3.1935E-2 3.1622E-2 4.73508E-2
-9999 -9999 -9999 -9999 -9999 -9999 -9999 -9999 -9999 -9999 -9999 -9999 -9999 -9999 -9999 -9999 1.59893E-1 1.64675E-1 1.13588E-1 1.26602E-1 1.64683E-1 2.21023E-1 1.48008E-1 4.59753E-1 4.61132E-1 4.04752E-1 4.90908E-1 5.1001E-1 2.36668E-1 4.1874E-1 3.0873E-1 2.18629E-1 2.25432E-1 3.17051E-1 4.05924E-1 4.57227E-1 5.75921E-1 5.71308E-1 7.81303E-1 7.18504E-1 7.06024E-1 5.99099E-1 3.96869E-1 5.72974E-1 5.43217E-1 8.23452E-1 7.8819E-1 8.13955E-1 8.67805E-1 5.98189E-1 8.1198E-1 7.15396E-1 7.35012E-1 6.48292E-1 5.64404E-1 4.53849E-1 4.55213E-1 4.10166E-1 3.45563E-1 2.47472E-1 6.69919E-2 5.63288E-2 2.88016E-2 2.46102E-2 3.44749E-2 4.85494E-2
-9999 -9999 -9999 -9999 -9999 -9999 -9999 -9999 -9999 -9999 -9999 -9999 -9999 -9999 -9999 -9999 1.67853E-1 1.11633E-1 1.20141E-1 1.54127E-1 2.17825E-1 1.88614E-1 4.13328E-1 4.95229E-1 5.15891E-1 4.29677E-1 4.82072E-1 2.85327E-1 4.96704E-1 4.25698E-1 2.73705E-1 2.24245E-1 2.33213E-1 2.51649E-1 3.36006E-1 3.8105E-1 4.35033E-1 5.03626E-1 5.7789E-1 5.75028E-1 6.69401E-1 5.52721E-1 6.46737E-1 6.5059E-1 7.58864E-1 7.27477E-1 7.7007E-1 8.29962E-1 5.87211E-1 8.64576E-1 7.9965E-1 7.11276E-1 6.70898E-1 4.81765E-1 5.33243E-1 4.58377E-1 4.49059E-1 3.9553E-1 3.50005E-1 1.40553E-1 6.53224E-2 5.17745E-2 2.07995E-2 2.7349E-2 4.16122E-2 5.01101E-2
-9999 -9999 -9999 -9999 -9999 -9999 -9999 -9999 -9999 -9999 -9999 -9999 -9999 -9999 -9999 1.47037E-1 1.6446E-1 1.16879E-1 1.28311E-1 1.55558E-1 2.41099E-1 1.3453E-1 4.6076E-1 5.22813E-1 4.58716E-1 5.16889E-1 5.44994E-1 2.93749E-1 5.08761E-1 4.15804E-1 2.83153E-1 2.43221E-1 2.48609E-1 2.71168E-1 2.96629E-1 3.85905E-1 3.77451E-1 4.02016E-1 4.61675E-1 5.65921E-1 5.89643E-1 6.4563E-1 6.07195E-1 6.44765E-1 6.69254E-1 7.81423E-1 7.74179E-1 7.77701E-1 5.57945E-1 8.38715E-1 7.83356E-1 7.67115E-1 5.80792E-1 5.06143E-1 3.58199E-1 3.57681E-1 3.32634E-1 3.65344E-1 2.51854E-1 7.17025E-2 5.92307E-2 2.77166E-2 2.1919E-2 3.16764E-2 4.68464E-2 5.01193E-2
-9999 -9999 -9999 -9999 -9999 -9999 -9999 -9999 -9999 -9999 -9999 -9999 -9999 -9999 -9999 1.66853E-1 1.13212E-1 1.24484E-1 1.20846E-1 1.06334E-1 3.68184E-1 3.76091E-1 4.92817E-1 6.27223E-1 4.69761E-1 3.75882E-1 6.37069E-1 5.16727E-1 6.25699E-1 5.47536E-1 3.39311E-1 2.64207E-1 2.80823E-1 2.91418E-1 3.71301E-1 3.84112E-1 4.19147E-1 5.44152E-1 4.76536E-1 6.64813E-1 5.41029E-1 7.09152E-1 7.29663E-1 6.25731E-1 6.96815E-1 7.01443E-1 7.62009E-1 4.95593E-1 7.94374E-1 7.78062E-1 7.46043E-1 6.45513E-1 4.87616E-1 5.14695E-1 3.60454E-1 3.50385E-1 3.07832E-1 2.36047E-1 7.40441E-2 6.50377E-2 5.15057E-2 2.1048E-2 2.48377E-2 3.78049E-2 5.03645E-2 5.22618E-2
-9999 -9999 -9999 -9999 -9999 -9999 -9999 -9999 -9999 -9999 -9999 -9999 -9999 -9999 -9999 1.65126E-1 1.17023E-1 1.28088E-1 1.1298E-1 2.18595E-1 2.43626E-1 3.38995E-1 5.04049E-1 5.95324E-1 4.95093E-1 4.00853E-1 6.25606E-1 5.52609E-1 7.96067E-1 5.62123E-1 3.69038E-1 4.66551E-1 3.64932E-1 3.28016E-1 3.91235E-1 4.00778E-1 4.34835E-1 7.90089E-1 6.80753E-1 6.23195E-1 6.20097E-1 6.27813E-1 6.64122E-1 6.52252E-1 7.72175E-1 7.67744E-1 7.62315E-1 4.95652E-1 7.33016E-1 7.44053E-1 6.95412E-1 6.43684E-1 4.2355E-1 3.50699E-1 3.6266E-1 3.39272E-1 2.85463E-1 2.16172E-1 6.77876E-2 5.77406E-2 2.76911E-2 2.23696E-2 3.29471E-2 4.56125E-2 5.11646E-2 5.48647E-2
-9999 -9999 -9999 -9999 -9999 -9999 -9999 -9999 -9999 -9999 -9999 -9999 -9999 -9999 1.58405E-1 1.09175E-1 1.1927E-1 1.2717E-1 1.06442E-1 2.19363E-1 2.42316E-1 3.13706E-1 6.73128E-1 5.92124E-1 5.33563E-1 6.54871E-1 3.25577E-1 6.27385E-1 7.70684E-1 5.67857E-1 3.75345E-1 4.74031E-1 3.84291E-1 4.17442E-1 5.66627E-1 4.30642E-1 4.03271E-1 6.15331E-1 6.98541E-1 6.35097E-1 7.03838E-1 6.08307E-1 6.46562E-1 7.27696E-1 8.14878E-1 7.65569E-1 5.14395E-1 7.59342E-1 7.09145E-1 7.36825E-1 6.69533E-1 6.04919E-1 2.8854E-1 3.47776E-1 3.62992E-1 3.22622E-1 2.48625E-1 7.55522E-2 6.36196E-2 4.18953E-2 2.407E-2 3.02153E-2 4.34645E-2 5.1873E-2 5.33679E-2 -9999
