SpatialData/MAXJAN2/rattus_norvegicus_avg.asc
ncols         299
nrows         658
xllcorner     582840.57256934
yllcorner     4505984.7454546
cellsize      30.0
NODATA_value  -9999
[rows 551 to 579 of 658, columns 0 to 65 of 299]
-9999 -9999 -9999 -9999 -9999 -9999 -9999 -9999 -9999 -9999 -9999 -9999 -9999 2.28259E-2 2.13482E-2 2.2044E-2 7.72822E-3 7.67876E-3 2.0987E-2 3.5997E-2 4.55287E-2 5.5964E-2 6.2435E-2 8.48909E-2 2.04394E-1 1.82859E-1 1.50494E-1 1.35219E-1 1.00304E-1 1.38038E-1 2.0528E-1 2.39588E-1 2.69457E-1 3.1932E-1 4.27639E-1 4.19514E-1 4.23629E-1 3.4195E-1 1.50743E-1 4.57904E-1 4.46407E-1 8.03348E-1 8.24171E-1 7.30156E-1 6.8163E-1 5.89139E-1 4.14861E-1 8.32408E-1 8.09526E-1 8.9568E-1 9.52934E-1 9.51544E-1 9.30804E-1 7.48977E-1 7.02234E-1 6.13995E-1 7.77727E-1 8.00613E-1 4.98679E-1 4.24795E-1 2.66761E-1 2.82119E-1 2.89633E-1 3.09821E-1 2.95202E-1 3.18487E-1
-9999 -9999 -9999 -9999 -9999 -9999 -9999 -9999 -9999 -9999 -9999 -9999 -9999 2.00162E-2 2.1176E-2 2.19128E-2 2.28672E-2 7.6981E-3 1.99232E-2 3.81344E-2 4.56951E-2 5.13171E-2 5.10272E-2 6.91236E-2 2.11799E-1 1.70805E-1 1.40363E-1 7.10742E-2 9.85071E-2 1.05242E-1 2.02751E-1 2.2464E-1 2.46293E-1 2.91783E-1 3.92753E-1 3.9008E-1 3.76231E-1 2.80454E-1 1.48335E-1 5.73209E-1 3.94597E-1 8.044E-1 8.19617E-1 8.22638E-1 8.58003E-1 5.76987E-1 4.74242E-1 8.56585E-1 8.38073E-1 8.98857E-1 8.83521E-1 8.57562E-1 9.22704E-1 7.7675E-1 5.22902E-1 7.1045E-1 8.17859E-1 6.22728E-1 4.43886E-1 3.16684E-1 3.13785E-1 3.93646E-1 3.2602E-1 3.26766E-1 3.02492E-1 2.87244E-1
-9999 -9999 -9999 -9999 -9999 -9999 -9999 -9999 -9999 -9999 -9999 -9999 -9999 1.97289E-2 2.09643E-2 2.16731E-2 2.20497E-2 7.70906E-3 2.035E-2 4.07224E-2 5.23673E-2 5.34152E-2 5.28988E-2 9.85142E-2 2.69893E-1 2.52241E-1 1.52686E-1 3.78192E-2 3.85578E-2 1.223E-1 1.62742E-1 1.41383E-1 1.34301E-1 1.65092E-1 2.66274E-1 2.88332E-1 2.55261E-1 2.48857E-1 1.77676E-1 7.22976E-1 6.92633E-1 6.42652E-1 8.1055E-1 4.68913E-1 7.19815E-1 5.18582E-1 5.10632E-1 8.17896E-1 8.21549E-1 8.39182E-1 8.31356E-1 8.10166E-1 7.93147E-1 7.94126E-1 6.51038E-1 7.9529E-1 8.14142E-1 7.10014E-1 4.079E-1 3.15021E-1 2.9902E-1 2.50275E-1 2.7848E-1 2.92058E-1 3.27272E-1 2.86753E-1
-9999 -9999 -9999 -9999 -9999 -9999 -9999 -9999 -9999 -9999 -9999 -9999 -9999 1.90656E-2 2.04224E-2 2.11988E-2 7.80759E-3 7.7095E-3 2.0259E-2 5.00715E-2 5.54037E-2 5.52079E-2 5.0228E-2 1.00348E-1 2.40484E-1 2.30661E-1 1.77758E-1 2.47187E-2 3.09873E-2 1.40035E-1 1.59973E-1 1.7121E-1 1.72586E-1 1.36988E-1 1.97635E-1 1.85278E-1 1.29094E-1 2.00886E-1 1.52463E-1 4.88875E-1 4.44347E-1 6.44456E-1 5.04822E-1 6.48164E-1 5.09358E-1 4.86832E-1 5.49049E-1 8.18627E-1 8.12636E-1 8.01527E-1 7.89626E-1 7.39885E-1 7.7437E-1 7.49858E-1 7.86857E-1 8.13006E-1 8.41788E-1 5.44644E-1 4.25382E-1 2.94934E-1 2.68242E-1 2.15959E-1 2.19427E-1 2.64339E-1 2.09344E-1 2.94319E-1
-9999 -9999 -9999 -9999 -9999 -9999 -9999 -9999 -9999 -9999 -9999 -9999 -9999 -9999 -9999 -9999 -9999 -9999 -9999 -9999 -9999 6.84379E-2 5.50792E-2 1.04495E-1 2.53789E-1 2.18118E-1 1.79595E-1 2.33079E-2 2.44106E-2 1.00193E-1 1.38835E-1 1.75884E-1 1.73391E-1 1.2942E-1 1.96815E-1 1.85491E-1 1.03149E-1 2.12103E-1 1.35091E-1 5.00847E-1 5.87131E-1 5.86507E-1 7.67829E-1 4.40532E-1 8.09018E-1 5.69423E-1 5.52124E-1 4.88753E-1 5.32564E-1 8.3243E-1 7.87753E-1 6.08398E-1 7.82193E-1 7.70643E-1 7.96604E-1 8.37507E-1 8.18694E-1 3.31394E-1 3.01748E-1 2.65714E-1 2.04974E-1 2.06872E-1 2.08762E-1 2.6071E-1 3.11287E-1 4.61762E-1
-9999 -9999 -9999 -9999 -9999 -9999 -9999 -9999 -9999 -9999 -9999 -9999 -9999 -9999 -9999 -9999 -9999 -9999 -9999 -9999 -9999 9.51715E-2 6.8141E-2 1.08167E-1 2.58235E-1 2.4218E-1 1.84456E-1 4.33469E-2 2.85182E-2 2.17023E-1 1.78747E-1 1.84587E-1 1.76845E-1 1.46821E-1 1.77451E-1 1.86186E-1 1.02867E-1 2.3116E-1 1.58311E-1 4.5412E-1 5.53735E-1 4.84392E-1 7.61938E-1 7.76997E-1 8.21885E-1 5.77484E-1 8.32106E-1 4.64259E-1 4.84434E-1 8.40744E-1 8.61848E-1 8.3481E-1 7.75295E-1 7.9567E-1 6.93582E-1 8.238E-1 5.09118E-1 2.95416E-1 2.7841E-1 2.09599E-1 1.90123E-1 1.88447E-1 1.99163E-1 2.47848E-1 2.96559E-1 3.80686E-1
-9999 -9999 -9999 -9999 -9999 -9999 -9999 -9999 -9999 -9999 -9999 -9999 -9999 -9999 -9999 -9999 -9999 -9999 -9999 -9999 -9999 8.72448E-2 6.54076E-2 2.39478E-1 2.34678E-1 2.18723E-1 1.88817E-1 5.2991E-2 6.00453E-2 2.16897E-1 1.91776E-1 1.90926E-1 1.8722E-1 1.86081E-1 1.84405E-1 1.92816E-1 1.41229E-1 2.6076E-1 2.9681E-1 5.09741E-1 4.5245E-1 7.74739E-1 6.48573E-1 8.2291E-1 5.84027E-1 7.05215E-1 7.43336E-1 8.30401E-1 8.2835E-1 5.73781E-1 6.10681E-1 8.43389E-1 8.21685E-1 8.20527E-1 6.97268E-1 5.55921E-1 3.01319E-1 2.70374E-1 2.30701E-1 1.87575E-1 1.89946E-1 1.97749E-1 2.33352E-1 2.32198E-1 2.69828E-1 4.29995E-1
-9999 -9999 -9999 -9999 -9999 -9999 -9999 -9999 -9999 -9999 -9999 -9999 -9999 -9999 -9999 -9999 -9999 -9999 -9999 -9999 -9999 8.27591E-2 6.22603E-2 1.95328E-1 2.34232E-1 2.42159E-1 1.91693E-1 8.07161E-2 9.60401E-2 3.57898E-1 2.39648E-1 2.08154E-1 2.14521E-1 1.95954E-1 1.85304E-1 2.0078E-1 1.98518E-1 2.86264E-1 3.13322E-1 5.33135E-1 7.86427E-1 7.65153E-1 7.66929E-1 8.27925E-1 4.64217E-1 5.39294E-1 8.09265E-1 8.09241E-1 8.02352E-1 7.95919E-1 7.95903E-1 5.5313E-1 8.68011E-1 8.78956E-1 7.22175E-1 3.03969E-1 2.96705E-1 2.59467E-1 2.16134E-1 2.1095E-1 2.15572E-1 2.68837E-1 2.93898E-1 2.852E-1 4.68173E-1 5.20792E-1
-9999 -9999 -9999 -9999 -9999 -9999 -9999 -9999 -9999 -9999 -9999 -9999 -9999 -9999 -9999 -9999 -9999 -9999 -9999 -9999 -9999 9.91345E-2 7.69124E-2 1.06553E-1 1.25384E-1 1.28784E-1 9.34893E-2 8.14533E-2 1.08909E-1 4.69049E-1 4.0399E-1 3.6599E-1 3.20696E-1 3.51568E-1 3.43692E-1 3.35106E-1 2.16214E-1 1.18295E-1 6.54065E-1 7.4459E-1 7.54242E-1 6.98415E-1 7.95485E-1 8.26144E-1 4.68817E-1 5.32191E-1 7.40442E-1 7.69213E-1 7.58135E-1 7.42871E-1 7.71979E-1 7.99787E-1 5.94195E-1 5.36386E-1 5.5813E-1 3.55286E-1 2.91789E-1 2.33269E-1 2.054E-1 2.33819E-1 2.77834E-1 2.91522E-1 3.02162E-1 4.47401E-1 5.2499E-1 5.34957E-1
-9999 -9999 -9999 -9999 -9999 -9999 -9999 -9999 -9999 -9999 -9999 -9999 -9999 -9999 -9999 -9999 -9999 -9999 -9999 -9999 -9999 8.78473E-2 9.1062E-2 1.31854E-1 1.2583E-1 1.27724E-1 9.13693E-2 8.39823E-2 1.2262E-1 4.79041E-1 2.67433E-1 2.74715E-1 3.39552E-1 3.58702E-1 3.44932E-1 3.34516E-1 1.64858E-1 1.13127E-1 5.69623E-1 8.40189E-1 8.4154E-1 7.23219E-1 5.69455E-1 6.16118E-1 6.93992E-1 8.25761E-1 5.69547E-1 6.84427E-1 6.98644E-1 7.42086E-1 6.7804E-1 7.73886E-1 8.26111E-1 7.46326E-1 2.8836E-1 3.3327E-1 3.42045E-1 2.64079E-1 2.38302E-1 2.6228E-1 3.11509E-1 3.27877E-1 2.93924E-1 3.98863E-1 6.06657E-1 3.15025E-1
-9999 -9999 -9999 -9999 -9999 -9999 -9999 -9999 -9999 -9999 -9999 -9999 -9999 -9999 -9999 -9999 -9999 -9999 -9999 -9999 -9999 9.33133E-2 9.53021E-2 1.29248E-1 1.25424E-1 1.45258E-1 8.37217E-2 8.14133E-2 1.31275E-1 4.82399E-1 5.36049E-1 3.35425E-1 3.9745E-1 3.66169E-1 3.59848E-1 2.47098E-1 1.72614E-1 1.25843E-1 5.37634E-1 6.30983E-1 8.31533E-1 8.46231E-1 5.82378E-1 6.12466E-1 6.03496E-1 7.74648E-1 6.56239E-1 8.1939E-1 7.74686E-1 4.93396E-1 7.43815E-1 7.21657E-1 6.35496E-1 6.20523E-1 6.40025E-1 1.6066E-1 1.81934E-1 3.1415E-1 3.34899E-1 3.44711E-1 3.27909E-1 2.98476E-1 3.88212E-1 3.92508E-1 3.71365E-1 2.94358E-1
-9999 -9999 -9999 -9999 -9999 -9999 -9999 -9999 -9999 -9999 -9999 -9999 -9999 -9999 -9999 -9999 -9999 -9999 -9999 -9999 -9999 8.19355E-2 8.20495E-2 1.2475E-1 1.36938E-1 1.27292E-1 7.82201E-2 7.95007E-2 3.97696E-1 4.58309E-1 4.98513E-1 5.14666E-1 4.97563E-1 3.87725E-1 3.65945E-1 3.52146E-1 2.17884E-1 1.72128E-1 4.76859E-1 8.04279E-1 7.90089E-1 7.6224E-1 7.82886E-1 5.73652E-1 8.37836E-1 6.86915E-1 7.8207E-1 8.15708E-1 6.94258E-1 6.8974E-1 7.43746E-1 5.98647E-1 4.51702E-1 5.49097E-1 5.15012E-1 4.14084E-1 3.83909E-1 1.47631E-1 1.79975E-1 3.62996E-1 3.40339E-1 3.96689E-1 6.58786E-1 6.72882E-1 2.91749E-1 4.95919E-1
-9999 -9999 -9999 -9999 -9999 -9999 -9999 -9999 -9999 -9999 -9999 -9999 -9999 -9999 -9999 -9999 -9999 -9999 -9999 -9999 -9999 6.67827E-2 6.4936E-2 8.7083E-2 1.15938E-1 1.06557E-1 8.55742E-2 1.08124E-1 3.97422E-1 4.49405E-1 4.90841E-1 4.97157E-1 4.86203E-1 3.94382E-1 3.72287E-1 3.54359E-1 2.18927E-1 1.57219E-1 4.54351E-1 6.77364E-1 5.13907E-1 7.65092E-1 4.38427E-1 8.19846E-1 7.04506E-1 6.67936E-1 8.07952E-1 6.84845E-1 8.02788E-1 7.65144E-1 7.35268E-1 6.26646E-1 5.34171E-1 3.59247E-1 4.93827E-1 2.69841E-1 5.67781E-1 5.93046E-1 3.57821E-1 1.62833E-1 3.27901E-1 6.52802E-1 6.24261E-1 3.656E-1 4.65457E-1 3.05132E-1
-9999 -9999 -9999 -9999 -9999 -9999 -9999 -9999 -9999 -9999 -9999 -9999 -9999 -9999 -9999 -9999 -9999 -9999 -9999 -9999 -9999 6.60116E-2 7.38173E-2 1.02725E-1 1.17221E-1 7.65084E-2 3.95726E-1 5.5278E-1 5.386E-1 5.95426E-1 4.16185E-1 5.49632E-1 4.02546E-1 3.89458E-1 3.66437E-1 3.21928E-1 2.63986E-1 9.00642E-2 4.48406E-1 4.898E-1 5.03268E-1 7.63503E-1 3.92732E-1 5.26665E-1 7.00701E-1 6.93354E-1 8.0486E-1 7.99127E-1 6.6825E-1 7.38393E-1 5.96451E-1 5.43094E-1 5.20728E-1 4.95176E-1 3.55162E-1 3.62139E-1 3.88258E-1 5.26118E-1 5.55462E-1 3.79506E-1 1.42736E-1 3.60235E-1 5.9507E-1 2.93295E-1 3.64061E-1 4.06939E-1
-9999 -9999 -9999 -9999 -9999 -9999 -9999 -9999 -9999 -9999 -9999 -9999 -9999 -9999 -9999 -9999 -9999 -9999 -9999 -9999 -9999 6.99668E-2 8.41264E-2 7.65534E-2 1.12873E-1 9.02986E-2 6.16854E-1 3.78418E-1 4.0493E-1 4.37864E-1 4.78247E-1 3.05495E-1 4.32318E-1 5.41759E-1 4.88947E-1 3.41472E-1 3.76875E-1 1.25146E-1 4.76017E-1 4.36689E-1 4.79942E-1 5.17633E-1 3.42497E-1 5.84216E-1 5.32164E-1 5.65103E-1 5.51671E-1 7.56637E-1 7.5165E-1 3.91237E-1 4.67244E-1 4.61014E-1 3.34127E-1 3.74993E-1 4.69667E-1 4.68342E-1 4.31785E-1 4.62358E-1 3.54749E-1 3.05752E-1 3.94785E-1 4.30631E-1 2.34562E-1 1.82584E-1 1.42267E-1 3.08313E-1
-9999 -9999 -9999 -9999 -9999 -9999 -9999 -9999 -9999 -9999 -9999 -9999 -9999 -9999 -9999 -9999 -9999 -9999 -9999 -9999 1.24346E-1 7.78753E-2 5.12642E-2 1.25994E-1 1.47598E-1 1.71443E-1 5.58651E-1 4.02246E-1 5.45E-1 5.31567E-1 4.90727E-1 4.7688E-1 4.4686E-1 5.2493E-1 5.07782E-1 3.93263E-1 4.07092E-1 1.46319E-1 5.2341E-1 6.22265E-1 5.76359E-1 3.16808E-1 9.17695E-1 7.66518E-1 6.91762E-1 8.19341E-1 5.48798E-1 7.7493E-1 7.4899E-1 4.53643E-1 3.97457E-1 4.80272E-1 2.64859E-1 4.46612E-1 4.45975E-1 4.61403E-1 3.32954E-1 3.34923E-1 3.08149E-1 4.15315E-1 3.32007E-1 3.83692E-1 1.96815E-1 3.0822E-1 2.47439E-1 1.27951E-1
-9999 -9999 -9999 -9999 -9999 -9999 -9999 -9999 -9999 -9999 -9999 -9999 -9999 -9999 -9999 -9999 -9999 -9999 -9999 -9999 8.77433E-2 8.53563E-2 1.07132E-1 2.28609E-1 2.24469E-1 2.70312E-1 3.23466E-1 5.71759E-1 6.10614E-1 3.32309E-1 4.77325E-1 5.38808E-1 4.77861E-1 4.77145E-1 6.94023E-1 5.29931E-1 3.08804E-1 4.73039E-1 5.21078E-1 4.23982E-1 7.08914E-1 3.463E-1 8.00687E-1 7.04255E-1 8.953E-1 8.83857E-1 7.7793E-1 7.60571E-1 3.5257E-1 4.68444E-1 4.83814E-1 3.51877E-1 3.92513E-1 4.12569E-1 4.20357E-1 3.14138E-1 2.99045E-1 3.95795E-1 3.90857E-1 4.22016E-1 3.71571E-1 1.32988E-1 3.3612E-1 3.36268E-1 4.02474E-1 4.18592E-1
-9999 -9999 -9999 -9999 -9999 -9999 -9999 -9999 -9999 -9999 -9999 -9999 -9999 -9999 -9999 -9999 -9999 -9999 -9999 -9999 6.19933E-2 1.05881E-1 1.27493E-1 3.5122E-1 3.41292E-1 3.43132E-1 4.73798E-1 4.57167E-1 6.04675E-1 2.89346E-1 4.16266E-1 3.23518E-1 4.63734E-1 4.444E-1 6.85715E-1 7.74566E-1 4.24631E-1 7.46919E-1 6.88592E-1 7.03623E-1 7.63982E-1 5.13448E-1 7.91987E-1 8.92009E-1 8.78746E-1 8.80266E-1 8.49547E-1 7.12084E-1 5.73074E-1 4.2188E-1 4.13485E-1 4.2207E-1 4.17847E-1 4.01736E-1 3.52447E-1 2.16315E-1 3.8899E-1 3.36129E-1 3.90112E-1 4.2231E-1 5.8652E-2 2.8886E-1 3.39186E-1 2.87968E-1 5.22608E-1 3.64949E-1
-9999 -9999 -9999 -9999 -9999 -9999 -9999 -9999 -9999 -9999 -9999 -9999 -9999 -9999 -9999 -9999 -9999 -9999 -9999 -9999 9.89645E-2 6.36208E-2 4.12005E-1 4.98245E-1 4.62362E-1 3.46207E-1 4.53715E-1 3.05962E-1 2.23717E-1 3.17141E-1 6.21164E-1 4.5396E-1 6.28435E-1 6.05837E-1 6.84932E-1 7.64775E-1 4.98561E-1 7.15525E-1 6.68328E-1 7.46876E-1 7.37503E-1 5.45141E-1 8.46161E-1 5.88517E-1 8.77965E-1 8.42945E-1 7.99025E-1 7.19862E-1 6.49099E-1 5.90407E-1 4.50822E-1 4.05156E-1 4.10381E-1 4.00344E-1 3.65067E-1 2.73001E-1 2.71609E-1 1.66685E-1 2.6218E-1 1.71928E-1 1.68642E-1 2.80829E-1 2.52091E-1 4.14641E-1 5.87111E-1 3.05853E-1
-9999 -9999 -9999 -9999 -9999 -9999 -9999 -9999 -9999 -9999 -9999 -9999 -9999 -9999 -9999 -9999 -9999 -9999 -9999 -9999 7.35002E-2 7.62539E-2 2.95338E-1 2.69191E-1 2.03143E-1 2.57687E-1 3.67248E-1 2.51895E-1 3.18093E-1 1.57311E-1 6.21416E-1 6.41302E-1 4.83323E-1 4.23391E-1 4.99519E-1 5.65019E-1 3.28559E-1 7.28362E-1 5.29047E-1 5.78285E-1 4.59877E-1 7.87539E-1 8.10373E-1 6.52078E-1 5.89715E-1 8.2548E-1 7.18264E-1 6.66765E-1 6.47194E-1 4.79104E-1 4.25068E-1 3.50081E-1 4.12699E-1 3.39135E-1 2.67212E-1 2.70737E-1 1.97497E-1 2.63367E-1 1.12613E-1 1.19308E-1 3.17517E-1 2.79969E-1 3.22036E-1 3.37838E-1 3.65706E-1 8.0376E-1
-9999 -9999 -9999 -9999 -9999 -9999 -9999 -9999 -9999 -9999 -9999 -9999 -9999 -9999 -9999 -9999 -9999 -9999 -9999 -9999 6.22003E-2 8.44936E-2 3.95277E-1 3.69099E-1 2.96114E-1 3.02704E-1 3.10956E-1 4.03765E-1 2.22775E-1 3.07325E-1 2.42268E-1 5.82324E-1 4.24091E-1 3.589E-1 3.6715E-1 4.64664E-1 2.84159E-1 7.27515E-1 6.99645E-1 6.75597E-1 4.26428E-1 6.40971E-1 3.37499E-1 5.7549E-1 7.25422E-1 7.05895E-1 6.9593E-1 6.51124E-1 4.1389E-1 5.67372E-1 3.16147E-1 2.30929E-1 2.86963E-1 1.96594E-1 1.78992E-1 2.38066E-1 2.42627E-1 2.83154E-1 1.60071E-1 3.13958E-1 3.77134E-1 4.23001E-1 4.7325E-1 2.72473E-1 6.85675E-1 7.56555E-1
-9999 -9999 -9999 -9999 -9999 -9999 -9999 -9999 -9999 -9999 -9999 -9999 -9999 -9999 -9999 -9999 -9999 -9999 -9999 -9999 4.96104E-2 4.94803E-2 2.68111E-1 2.61695E-1 1.90771E-1 1.74723E-1 3.01734E-1 3.81427E-1 2.18876E-1 2.95765E-1 3.11004E-1 1.95059E-1 2.96689E-1 2.74539E-1 3.29277E-1 3.74496E-1 2.48178E-1 6.50049E-1 5.00516E-1 3.98569E-1 2.77499E-1 4.00583E-1 2.65462E-1 2.67484E-1 4.09581E-1 3.46667E-1 6.80249E-1 6.26008E-1 6.1437E-1 4.39758E-1 4.17522E-1 4.11516E-1 2.95405E-1 1.8061E-1 2.21899E-1 2.43709E-1 2.61877E-1 2.71113E-1 1.74292E-1 4.83355E-1 4.60201E-1 4.87865E-1 5.36778E-1 2.42289E-1 5.47501E-1 6.48481E-1
-9999 -9999 -9999 -9999 -9999 -9999 -9999 -9999 -9999 -9999 -9999 -9999 -9999 -9999 -9999 -9999 -9999 -9999 -9999 7.96613E-2 7.44399E-2 1.12143E-1 4.07672E-1 3.61102E-1 2.4193E-1 3.42161E-1 3.84131E-1 3.52222E-1 3.43283E-1 3.05272E-1 2.89671E-1 9.8502E-2 8.48707E-2 2.66878E-1 2.86711E-1 3.51565E-1 2.17136E-1 6.37994E-1 5.15122E-1 2.26278E-1 3.50125E-1 3.3867E-1 3.63461E-1 3.26317E-1 3.63851E-1 4.25663E-1 5.35134E-1 5.31173E-1 6.06786E-1 4.20675E-1 4.08994E-1 4.06849E-1 3.39914E-1 2.48422E-1 2.40345E-1 2.33876E-1 1.25531E-1 1.34423E-1 3.67048E-1 4.81936E-1 4.73908E-1 5.49901E-1 2.72888E-1 2.80888E-1 5.07686E-1 6.55935E-1
-9999 -9999 -9999 -9999 -9999 -9999 -9999 -9999 -9999 -9999 -9999 -9999 -9999 -9999 -9999 -9999 -9999 -9999 -9999 1.01019E-1 8.72005E-2 1.63445E-1 3.66669E-1 2.12366E-1 2.49685E-1 3.38723E-1 3.80807E-1 4.19785E-1 4.01527E-1 3.01274E-1 3.12741E-1 7.37774E-2 7.52767E-2 1.1474E-1 3.0218E-1 2.81767E-1 2.12974E-1 5.02214E-1 5.1203E-1 2.80515E-1 5.63532E-1 5.41172E-1 3.9145E-1 3.92452E-1 3.40689E-1 5.10307E-1 4.53275E-1 5.5224E-1 4.31382E-1 1.82914E-1 4.11987E-1 3.89008E-1 2.224E-1 1.71305E-1 2.40126E-1 2.60191E-1 1.87949E-1 1.6768E-1 4.9947E-1 4.6836E-1 3.30422E-1 3.92351E-1 1.84585E-1 3.81043E-1 7.27288E-1 5.07814E-1
-9999 -9999 -9999 -9999 -9999 -9999 -9999 -9999 -9999 -9999 -9999 -9999 -9999 -9999 -9999 -9999 -9999 -9999 -9999 8.16789E-2 5.94796E-2 8.68577E-2 4.03402E-1 1.58103E-1 1.76396E-1 3.28105E-1 3.36435E-1 3.8159E-1 4.22788E-1 2.13971E-1 1.99455E-1 9.01702E-2 8.87285E-2 1.43286E-1 1.58125E-1 3.45149E-1 2.67903E-1 5.45043E-1 5.36745E-1 2.20914E-1 5.47546E-1 5.31732E-1 5.30468E-1 3.52408E-1 4.93608E-1 4.73476E-1 3.47735E-1 4.07059E-1 3.81773E-1 4.01352E-1 3.52642E-1 2.58142E-1 3.03185E-1 2.76163E-1 2.58337E-1 2.82526E-1 2.10639E-1 4.79941E-1 4.69872E-1 3.98757E-1 4.85262E-1 4.99931E-1 2.11523E-1 6.75089E-1 4.55201E-1 7.32457E-1
-9999 -9999 -9999 -9999 -9999 -9999 -9999 -9999 -9999 -9999 -9999 -9999 -9999 -9999 -9999 -9999 -9999 -9999 -9999 1.20484E-1 6.62241E-2 2.02542E-1 2.76739E-1 2.40669E-1 2.00363E-1 3.14282E-1 3.15057E-1 2.64775E-1 3.46251E-1 3.85534E-1 1.94397E-1 1.05776E-1 1.81559E-1 1.456E-1 2.00344E-1 8.65264E-2 5.451E-1 5.52235E-1 4.16226E-1 1.70385E-1 2.73409E-1 5.20562E-1 2.28322E-1 3.72524E-1 4.81346E-1 4.59016E-1 4.26429E-1 4.0627E-1 3.68762E-1 3.42798E-1 3.25626E-1 3.24263E-1 2.85856E-1 2.13251E-1 3.46094E-1 2.22261E-1 4.86961E-1 4.60826E-1 4.36669E-1 4.76145E-1 5.50119E-1 3.38479E-1 4.25459E-1 7.16321E-1 5.09797E-1 7.47794E-1
-9999 -9999 -9999 -9999 -9999 -9999 -9999 -9999 -9999 -9999 -9999 -9999 -9999 -9999 -9999 -9999 -9999 -9999 -9999 2.39306E-1 2.31241E-1 3.25442E-1 2.90979E-1 2.69189E-1 3.36716E-1 3.51649E-1 2.93562E-1 3.26581E-1 3.79473E-1 3.83308E-1 2.10449E-1 1.97643E-1 3.19123E-1 2.95046E-1 2.51947E-1 1.54159E-1 2.44714E-1 5.53351E-1 3.27303E-1 6.81278E-1 4.79931E-1 3.28465E-1 2.30267E-1 3.47044E-1 4.68681E-1 4.47466E-1 3.93246E-1 2.44322E-1 3.42687E-1 3.6771E-1 2.47774E-1 3.50552E-1 3.60754E-1 3.81298E-1 3.67788E-1 2.84389E-1 4.89346E-1 4.38459E-1 3.64077E-1 5.07994E-1 5.93333E-1 3.61577E-1 8.30213E-1 7.68581E-1 6.51151E-1 7.66063E-1
-9999 -9999 -9999 -9999 -9999 -9999 -9999 -9999 -9999 -9999 -9999 -9999 -9999 -9999 -9999 -9999 -9999 -9999 -9999 2.28502E-1 2.28334E-1 4.11228E-1 3.97413E-1 3.83512E-1 3.59503E-1 1.90437E-1 3.83835E-1 3.81579E-1 3.61133E-1 3.63889E-1 2.65241E-1 2.01847E-1 2.48537E-1 2.25485E-1 2.55146E-1 1.54315E-1 2.48677E-1 2.59869E-1 1.2476E-1 2.21644E-1 3.69411E-1 3.24462E-1 2.71011E-1 3.53076E-1 4.28882E-1 4.05394E-1 4.03122E-1 3.30439E-1 3.27445E-1 2.89623E-1 3.90977E-1 3.82725E-1 4.30376E-1 4.48588E-1 2.36772E-1 4.92766E-1 4.63162E-1 3.49903E-1 3.13157E-1 5.11928E-1 2.06222E-1 6.84832E-1 6.5023E-1 8.13468E-1 7.99698E-1 7.7091E-1
-9999 -9999 -9999 -9999 -9999 -9999 -9999 -9999 -9999 -9999 -9999 -9999 -9999 -9999 -9999 -9999 -9999 -9999 -9999 2.3931E-1 1.24134E-1 4.05455E-1 3.76067E-1 4.47664E-1 3.34113E-1 2.04754E-1 3.94131E-1 3.90248E-1 3.8824E-1 2.67392E-1 4.20723E-1 1.9828E-1 1.89776E-1 2.0217E-1 2.53835E-1 2.07832E-1 2.61979E-1 2.75058E-1 1.19291E-1 1.92493E-1 4.56305E-1 2.64231E-1 3.38028E-1 3.112E-1 2.03938E-1 3.5E-1 2.60661E-1 2.4364E-1 2.64442E-1 2.05693E-1 2.14543E-1 4.03523E-1 4.4488E-1 2.4384E-1 4.88978E-1 4.55074E-1 1.98157E-1 4.47767E-1 4.979E-1 3.79593E-1 1.70546E-1 5.36134E-1 8.18306E-1 8.05124E-1 4.63625E-1 8.78747E-1
