SpatialData/MAXJAN2/rattus_norvegicus_avg.asc
ncols         299
nrows         658
xllcorner     582840.57256934
yllcorner     4505984.7454546
cellsize      30.0
NODATA_value  -9999
[rows 174 to 202 of 658, columns 198 to 263 of 299]
9.3595E-1 8.82684E-1 6.63555E-1 8.14454E-1 4.56068E-1 7.59997E-1 7.43307E-1 5.96624E-1 6.03399E-1 6.13872E-1 6.6241E-1 7.57655E-1 7.80785E-1 9.45734E-1 9.706E-1 6.02947E-1 7.38085E-1 7.81653E-1 7.85309E-1 4.30637E-1 7.90448E-1 6.04627E-1 5.3934E-1 5.04959E-1 5.26724E-1 5.46129E-1 5.30531E-1 5.47709E-1 5.9248E-1 5.48084E-1 4.61421E-1 3.34902E-1 3.58729E-1 2.2423E-1 -9999 -9999 -9999 -9999 -9999 -9999 -9999 -9999 -9999 -9999 -9999 -9999 -9999 -9999 -9999 -9999 -9999 -9999 -9999 -9999 -9999 -9999 -9999 -9999 -9999 -9999 -9999 -9999 -9999 -9999 -9999 -9999
8.21032E-1 8.78134E-1 8.74811E-1 8.46511E-1 8.3946E-1 8.25987E-1 6.22048E-1 8.33546E-1 8.34276E-1 7.79196E-1 5.61099E-1 8.37327E-1 8.62472E-1 8.82328E-1 9.28726E-1 5.45603E-1 8.37219E-1 7.94697E-1 8.78888E-1 5.40245E-1 6.51509E-1 6.83554E-1 6.08699E-1 5.80973E-1 6.08427E-1 6.0741E-1 6.58027E-1 6.80945E-1 6.96678E-1 5.96406E-1 4.30805E-1 3.71636E-1 3.81209E-1 2.40413E-1 -9999 -9999 -9999 -9999 -9999 -9999 -9999 -9999 -9999 -9999 -9999 -9999 -9999 -9999 -9999 -9999 -9999 -9999 -9999 -9999 -9999 -9999 -9999 -9999 -9999 -9999 -9999 -9999 -9999 -9999 -9999 -9999
8.33833E-1 8.32807E-1 8.90008E-1 8.92578E-1 8.98534E-1 8.48853E-1 7.37871E-1 7.59198E-1 8.43326E-1 7.7661E-1 8.19215E-1 8.47886E-1 8.19715E-1 7.89334E-1 8.15563E-1 3.96141E-1 7.11059E-1 8.24454E-1 8.05631E-1 4.46516E-1 2.31426E-1 1.99234E-1 3.12607E-1 3.74791E-1 3.98062E-1 4.37633E-1 4.95706E-1 4.8673E-1 4.80665E-1 3.62129E-1 2.32159E-1 2.01306E-1 2.01901E-1 2.19065E-1 -9999 -9999 -9999 -9999 -9999 -9999 -9999 -9999 -9999 -9999 -9999 -9999 -9999 -9999 -9999 -9999 -9999 -9999 -9999 -9999 -9999 -9999 -9999 -9999 -9999 -9999 -9999 -9999 -9999 -9999 -9999 -9999
8.57361E-1 8.25998E-1 8.86561E-1 8.93098E-1 7.90137E-1 9.1963E-1 7.89788E-1 6.66216E-1 9.36517E-1 7.93588E-1 9.23352E-1 7.67764E-1 8.23041E-1 8.80121E-1 4.67695E-1 6.5493E-1 7.94577E-1 8.22737E-1 5.25586E-1 4.50121E-1 7.18869E-1 3.921E-1 3.32164E-1 5.55567E-1 6.28318E-1 7.70949E-1 8.19251E-1 7.94003E-1 7.18762E-1 5.81888E-1 4.40979E-1 3.88477E-1 3.50026E-1 3.61345E-1 4.68027E-1 -9999 -9999 -9999 -9999 -9999 -9999 -9999 -9999 -9999 -9999 -9999 -9999 -9999 -9999 -9999 -9999 -9999 -9999 -9999 -9999 -9999 -9999 -9999 -9999 -9999 -9999 -9999 -9999 -9999 -9999 -9999
7.20982E-1 8.69991E-1 8.71413E-1 8.85438E-1 9.17242E-1 9.26276E-1 8.48934E-1 8.98841E-1 8.34632E-1 8.48261E-1 9.0889E-1 8.6139E-1 8.29632E-1 8.34765E-1 4.46927E-1 7.59078E-1 7.97956E-1 5.68352E-1 9.07211E-1 9.12766E-1 7.36712E-1 6.31662E-1 3.44016E-1 3.53708E-1 5.80443E-1 6.44744E-1 7.95854E-1 7.89317E-1 6.68272E-1 4.79729E-1 4.08254E-1 3.48973E-1 3.01811E-1 3.11506E-1 4.09052E-1 -9999 -9999 -9999 -9999 -9999 -9999 -9999 -9999 -9999 -9999 -9999 -9999 -9999 -9999 -9999 -9999 -9999 -9999 -9999 -9999 -9999 -9999 -9999 -9999 -9999 -9999 -9999 -9999 -9999 -9999 -9999
8.61095E-1 8.70672E-1 7.8818E-1 9.01609E-1 9.31652E-1 8.2656E-1 8.73206E-1 8.36248E-1 7.98599E-1 7.83177E-1 8.29038E-1 7.25803E-1 7.76005E-1 7.97057E-1 6.26428E-1 8.34145E-1 4.94909E-1 5.60034E-1 9.05676E-1 8.57821E-1 7.19222E-1 3.9475E-1 3.58474E-1 4.72612E-1 6.5154E-1 8.63508E-1 5.57329E-1 6.76887E-1 5.75104E-1 4.84267E-1 3.97297E-1 3.38038E-1 3.28663E-1 3.07635E-1 2.31604E-1 -9999 -9999 -9999 -9999 -9999 -9999 -9999 -9999 -9999 -9999 -9999 -9999 -9999 -9999 -9999 -9999 -9999 -9999 -9999 -9999 -9999 -9999 -9999 -9999 -9999 -9999 -9999 -9999 -9999 -9999 -9999
8.46055E-1 8.57556E-1 8.96045E-1 9.33227E-1 8.66517E-1 8.60379E-1 6.53828E-1 7.8341E-1 8.39427E-1 8.06149E-1 7.10646E-1 8.32833E-1 8.01674E-1 6.06495E-1 8.96916E-1 8.86948E-1 5.62685E-1 8.76083E-1 8.83467E-1 8.17868E-1 3.67888E-1 3.81407E-1 3.26327E-1 5.24847E-1 7.65503E-1 8.96701E-1 8.64558E-1 8.38272E-1 6.21451E-1 5.16947E-1 3.72894E-1 3.65069E-1 3.56723E-1 3.38841E-1 2.11403E-1 -9999 -9999 -9999 -9999 -9999 -9999 -9999 -9999 -9999 -9999 -9999 -9999 -9999 -9999 -9999 -9999 -9999 -9999 -9999 -9999 -9999 -9999 -9999 -9999 -9999 -9999 -9999 -9999 -9999 -9999 -9999
7.35287E-1 8.93785E-1 8.90885E-1 9.3565E-1 8.63145E-1 6.50792E-1 7.05209E-1 7.11659E-1 5.8139E-1 7.32634E-1 6.0506E-1 6.77219E-1 8.22859E-1 6.11173E-1 8.69032E-1 8.57458E-1 5.34965E-1 8.71843E-1 8.92606E-1 7.25051E-1 3.88936E-1 3.82418E-1 3.10855E-1 6.7617E-1 7.312E-1 7.28125E-1 8.70359E-1 7.42009E-1 7.40652E-1 6.89896E-1 5.00058E-1 4.43989E-1 3.98031E-1 3.86985E-1 2.93952E-1 -9999 -9999 -9999 -9999 -9999 -9999 -9999 -9999 -9999 -9999 -9999 -9999 -9999 -9999 -9999 -9999 -9999 -9999 -9999 -9999 -9999 -9999 -9999 -9999 -9999 -9999 -9999 -9999 -9999 -9999 -9999
7.87335E-1 8.94078E-1 7.90162E-1 7.8707E-1 8.48858E-1 6.21178E-1 6.99465E-1 7.11728E-1 6.53355E-1 6.09469E-1 4.80594E-1 5.15965E-1 6.46303E-1 3.36412E-1 7.47515E-1 5.41666E-1 8.24068E-1 7.69878E-1 7.27874E-1 3.70353E-1 3.71931E-1 3.55612E-1 3.20085E-1 8.70136E-1 9.1043E-1 7.21129E-1 8.55993E-1 7.70302E-1 6.79479E-1 6.4892E-1 6.91628E-1 6.8922E-1 5.66659E-1 5.86101E-1 5.338E-1 -9999 -9999 -9999 -9999 -9999 -9999 -9999 -9999 -9999 -9999 -9999 -9999 -9999 -9999 -9999 -9999 -9999 -9999 -9999 -9999 -9999 -9999 -9999 -9999 -9999 -9999 -9999 -9999 -9999 -9999 -9999
8.8217E-1 8.82226E-1 9.40044E-1 9.24422E-1 8.14409E-1 6.92165E-1 6.23601E-1 8.99493E-1 6.7331E-1 7.35406E-1 5.69616E-1 7.70591E-1 5.66036E-1 3.3759E-1 7.51297E-1 5.00638E-1 7.82262E-1 7.31752E-1 5.86254E-1 3.168E-1 3.19251E-1 3.78976E-1 7.85666E-1 8.80845E-1 9.05022E-1 8.91294E-1 9.14179E-1 8.04897E-1 5.16115E-1 6.21152E-1 6.01059E-1 5.9945E-1 6.8742E-1 6.86086E-1 6.85439E-1 -9999 -9999 -9999 -9999 -9999 -9999 -9999 -9999 -9999 -9999 -9999 -9999 -9999 -9999 -9999 -9999 -9999 -9999 -9999 -9999 -9999 -9999 -9999 -9999 -9999 -9999 -9999 -9999 -9999 -9999 -9999
8.75028E-1 9.13039E-1 9.39005E-1 8.50888E-1 7.50059E-1 6.65474E-1 7.78E-1 6.87691E-1 7.31E-1 7.17034E-1 7.40596E-1 7.36913E-1 5.55368E-1 5.89653E-1 3.14098E-1 7.84772E-1 7.27841E-1 6.25705E-1 2.68808E-1 2.73678E-1 2.76797E-1 4.03175E-1 8.18662E-1 8.37381E-1 7.15014E-1 7.03337E-1 7.93835E-1 7.27078E-1 6.83342E-1 5.07864E-1 6.3122E-1 5.90288E-1 6.6252E-1 5.3464E-1 5.90927E-1 -9999 -9999 -9999 -9999 -9999 -9999 -9999 -9999 -9999 -9999 -9999 -9999 -9999 -9999 -9999 -9999 -9999 -9999 -9999 -9999 -9999 -9999 -9999 -9999 -9999 -9999 -9999 -9999 -9999 -9999 -9999
6.441E-1 9.56591E-1 9.34009E-1 8.90948E-1 7.83927E-1 7.09774E-1 5.74206E-1 8.21994E-1 6.37957E-1 7.49215E-1 7.64578E-1 8.7795E-1 5.62771E-1 7.05833E-1 3.46967E-1 8.18097E-1 7.94593E-1 5.48417E-1 2.81538E-1 2.75071E-1 3.13883E-1 5.17598E-1 9.04988E-1 9.09504E-1 5.9538E-1 6.37807E-1 5.32463E-1 5.46573E-1 6.81336E-1 7.17159E-1 4.91354E-1 6.87095E-1 6.84399E-1 5.73585E-1 5.10742E-1 5.01305E-1 -9999 -9999 -9999 -9999 -9999 -9999 -9999 -9999 -9999 -9999 -9999 -9999 -9999 -9999 -9999 -9999 -9999 -9999 -9999 -9999 -9999 -9999 -9999 -9999 -9999 -9999 -9999 -9999 -9999 -9999
8.74155E-1 8.8573E-1 9.28264E-1 8.3491E-1 8.49852E-1 8.80993E-1 6.56005E-1 5.31801E-1 5.06635E-1 8.74335E-1 7.95774E-1 8.1661E-1 6.01871E-1 4.02119E-1 9.21755E-1 6.93885E-1 5.9065E-1 2.6791E-1 2.75237E-1 2.82544E-1 4.70715E-1 9.16162E-1 9.25933E-1 8.10833E-1 7.53654E-1 6.71989E-1 8.21463E-1 5.24976E-1 4.83009E-1 4.39143E-1 6.26446E-1 5.40322E-1 5.5505E-1 5.40207E-1 4.72073E-1 4.73906E-1 -9999 -9999 -9999 -9999 -9999 -9999 -9999 -9999 -9999 -9999 -9999 -9999 -9999 -9999 -9999 -9999 -9999 -9999 -9999 -9999 -9999 -9999 -9999 -9999 -9999 -9999 -9999 -9999 -9999 -9999
8.86158E-1 8.0086E-1 8.23448E-1 6.44089E-1 8.58744E-1 9.11287E-1 8.5715E-1 7.4635E-1 6.97079E-1 5.48467E-1 5.90393E-1 4.69578E-1 6.16704E-1 3.81627E-1 7.49288E-1 6.14763E-1 4.88283E-1 2.62855E-1 2.76925E-1 3.5464E-1 9.00064E-1 9.27172E-1 9.31269E-1 6.48343E-1 6.97239E-1 6.04611E-1 7.10861E-1 4.87549E-1 4.59813E-1 5.1323E-1 4.86508E-1 4.90248E-1 5.00233E-1 4.89883E-1 6.01116E-1 6.27369E-1 -9999 -9999 -9999 -9999 -9999 -9999 -9999 -9999 -9999 -9999 -9999 -9999 -9999 -9999 -9999 -9999 -9999 -9999 -9999 -9999 -9999 -9999 -9999 -9999 -9999 -9999 -9999 -9999 -9999 -9999
7.84436E-1 8.05188E-1 7.58715E-1 8.46016E-1 8.87288E-1 8.91457E-1 8.62691E-1 8.9231E-1 8.58431E-1 7.74092E-1 8.00884E-1 6.21357E-1 7.57921E-1 8.99424E-1 6.81866E-1 5.63743E-1 2.57124E-1 2.58127E-1 2.78276E-1 4.8492E-1 9.23307E-1 9.33159E-1 8.36526E-1 6.79036E-1 6.68534E-1 6.2563E-1 4.66809E-1 4.99157E-1 4.59964E-1 4.58557E-1 4.50176E-1 4.21522E-1 5.45581E-1 3.77892E-1 5.8034E-1 5.9891E-1 -9999 -9999 -9999 -9999 -9999 -9999 -9999 -9999 -9999 -9999 -9999 -9999 -9999 -9999 -9999 -9999 -9999 -9999 -9999 -9999 -9999 -9999 -9999 -9999 -9999 -9999 -9999 -9999 -9999 -9999
5.98308E-1 7.9447E-1 7.65074E-1 8.01349E-1 8.22762E-1 8.69741E-1 8.50467E-1 8.6413E-1 9.25589E-1 8.31803E-1 8.93364E-1 7.07672E-1 9.65312E-1 9.13584E-1 7.51834E-1 5.31424E-1 2.63799E-1 2.75537E-1 3.10541E-1 8.0035E-1 9.46019E-1 9.40601E-1 7.66721E-1 6.38544E-1 6.63439E-1 6.05559E-1 5.37056E-1 4.89309E-1 4.81939E-1 4.67729E-1 4.47762E-1 4.10633E-1 3.80019E-1 4.57242E-1 5.99028E-1 5.98816E-1 -9999 -9999 -9999 -9999 -9999 -9999 -9999 -9999 -9999 -9999 -9999 -9999 -9999 -9999 -9999 -9999 -9999 -9999 -9999 -9999 -9999 -9999 -9999 -9999 -9999 -9999 -9999 -9999 -9999 -9999
5.97699E-1 7.6875E-1 7.29244E-1 7.70557E-1 7.42209E-1 7.02657E-1 8.71368E-1 8.66562E-1 9.32941E-1 9.60847E-1 6.02359E-1 7.66586E-1 9.65436E-1 8.91915E-1 6.16491E-1 2.727E-1 2.7014E-1 2.80934E-1 5.18E-1 7.86834E-1 9.33977E-1 9.19957E-1 7.97997E-1 6.86192E-1 6.87133E-1 6.76088E-1 5.85131E-1 5.14737E-1 4.93687E-1 4.92405E-1 4.79081E-1 4.04012E-1 3.00586E-1 2.95117E-1 5.78845E-1 5.70261E-1 -9999 -9999 -9999 -9999 -9999 -9999 -9999 -9999 -9999 -9999 -9999 -9999 -9999 -9999 -9999 -9999 -9999 -9999 -9999 -9999 -9999 -9999 -9999 -9999 -9999 -9999 -9999 -9999 -9999 -9999
6.2031E-1 8.34767E-1 8.51514E-1 8.17856E-1 6.44111E-1 7.56702E-1 7.04129E-1 8.95888E-1 9.37564E-1 8.64478E-1 6.05834E-1 9.76835E-1 8.67329E-1 7.94203E-1 4.96614E-1 2.72453E-1 2.71126E-1 3.19717E-1 5.44357E-1 8.31974E-1 8.62541E-1 8.50423E-1 7.87246E-1 8.4893E-1 8.48364E-1 8.47001E-1 7.40419E-1 6.01827E-1 5.32427E-1 5.08648E-1 4.90631E-1 3.82514E-1 2.89712E-1 3.00782E-1 5.81593E-1 5.48735E-1 -9999 -9999 -9999 -9999 -9999 -9999 -9999 -9999 -9999 -9999 -9999 -9999 -9999 -9999 -9999 -9999 -9999 -9999 -9999 -9999 -9999 -9999 -9999 -9999 -9999 -9999 -9999 -9999 -9999 -9999
6.12528E-1 7.48395E-1 9.26468E-1 8.82212E-1 7.93785E-1 7.80159E-1 8.14605E-1 9.43944E-1 9.59908E-1 9.0603E-1 5.07408E-1 8.59021E-1 9.3163E-1 6.3196E-1 2.76101E-1 2.69519E-1 2.76768E-1 6.07761E-1 8.33226E-1 8.5885E-1 7.98208E-1 7.96347E-1 7.48973E-1 7.94153E-1 8.56734E-1 8.22999E-1 8.51594E-1 6.80704E-1 5.65449E-1 5.29847E-1 4.37734E-1 3.41325E-1 3.05193E-1 3.02068E-1 5.71348E-1 5.74697E-1 -9999 -9999 -9999 -9999 -9999 -9999 -9999 -9999 -9999 -9999 -9999 -9999 -9999 -9999 -9999 -9999 -9999 -9999 -9999 -9999 -9999 -9999 -9999 -9999 -9999 -9999 -9999 -9999 -9999 -9999
6.51691E-1 7.74302E-1 7.91674E-1 8.53616E-1 7.94805E-1 6.98804E-1 8.22188E-1 8.66008E-1 9.40148E-1 6.07476E-1 8.18508E-1 8.3828E-1 7.0138E-1 5.07581E-1 2.80732E-1 2.80021E-1 2.70894E-1 8.05784E-1 8.55548E-1 8.30272E-1 7.65716E-1 7.58868E-1 7.04014E-1 7.16527E-1 7.3667E-1 7.66912E-1 7.82434E-1 7.8524E-1 5.62546E-1 5.44095E-1 4.79776E-1 3.41369E-1 3.22188E-1 3.20539E-1 5.95394E-1 6.06314E-1 -9999 -9999 -9999 -9999 -9999 -9999 -9999 -9999 -9999 -9999 -9999 -9999 -9999 -9999 -9999 -9999 -9999 -9999 -9999 -9999 -9999 -9999 -9999 -9999 -9999 -9999 -9999 -9999 -9999 -9999
6.85344E-1 6.95256E-1 8.06301E-1 8.33491E-1 8.24907E-1 7.02504E-1 8.37361E-1 8.8768E-1 8.64442E-1 5.91294E-1 9.30785E-1 9.43364E-1 6.71252E-1 3.13917E-1 3.06145E-1 2.66772E-1 3.57455E-1 7.09693E-1 8.62996E-1 7.95156E-1 8.3019E-1 8.13905E-1 7.04147E-1 6.60324E-1 6.6596E-1 6.76124E-1 7.05948E-1 6.37511E-1 5.85789E-1 5.46756E-1 5.43413E-1 5.74271E-1 3.50723E-1 3.39065E-1 6.33353E-1 6.48276E-1 -9999 -9999 -9999 -9999 -9999 -9999 -9999 -9999 -9999 -9999 -9999 -9999 -9999 -9999 -9999 -9999 -9999 -9999 -9999 -9999 -9999 -9999 -9999 -9999 -9999 -9999 -9999 -9999 -9999 -9999
6.58411E-1 6.65382E-1 8.132E-1 8.5384E-1 8.35603E-1 9.49004E-1 9.16925E-1 9.56342E-1 7.51547E-1 9.68704E-1 9.16034E-1 8.59984E-1 3.38484E-1 3.33191E-1 3.27449E-1 3.30527E-1 6.39401E-1 6.61529E-1 5.78176E-1 8.26447E-1 8.25952E-1 9.00616E-1 8.86692E-1 7.97759E-1 7.12862E-1 6.81061E-1 6.80626E-1 6.73265E-1 5.6465E-1 4.90852E-1 6.41154E-1 6.21719E-1 5.88848E-1 5.69115E-1 6.63948E-1 6.49132E-1 -9999 -9999 -9999 -9999 -9999 -9999 -9999 -9999 -9999 -9999 -9999 -9999 -9999 -9999 -9999 -9999 -9999 -9999 -9999 -9999 -9999 -9999 -9999 -9999 -9999 -9999 -9999 -9999 -9999 -9999
8.3367E-1 8.4865E-1 8.52737E-1 9.44209E-1 8.43275E-1 8.48444E-1 9.01821E-1 9.66903E-1 7.68279E-1 9.27195E-1 8.81796E-1 7.11187E-1 3.54801E-1 3.54787E-1 3.02688E-1 3.49986E-1 6.51173E-1 7.36406E-1 6.17344E-1 6.31994E-1 8.18298E-1 8.33451E-1 9.10029E-1 9.1586E-1 6.51708E-1 6.75307E-1 6.77701E-1 6.78907E-1 5.64733E-1 5.16743E-1 4.65264E-1 4.64145E-1 6.30249E-1 6.23218E-1 6.2993E-1 6.6096E-1 -9999 -9999 -9999 -9999 -9999 -9999 -9999 -9999 -9999 -9999 -9999 -9999 -9999 -9999 -9999 -9999 -9999 -9999 -9999 -9999 -9999 -9999 -9999 -9999 -9999 -9999 -9999 -9999 -9999 -9999
9.15712E-1 7.74819E-1 8.3359E-1 8.52363E-1 8.41445E-1 8.70413E-1 9.14674E-1 6.12773E-1 9.27997E-1 9.08694E-1 7.83903E-1 4.14007E-1 3.57364E-1 3.64439E-1 2.46351E-1 4.91874E-1 6.26494E-1 5.83565E-1 7.18471E-1 7.27042E-1 7.4012E-1 8.58178E-1 9.03887E-1 8.1275E-1 6.80033E-1 7.92355E-1 7.43594E-1 7.31849E-1 5.11611E-1 4.66699E-1 4.64811E-1 4.65754E-1 4.64589E-1 6.47324E-1 6.46552E-1 4.9942E-1 -9999 -9999 -9999 -9999 -9999 -9999 -9999 -9999 -9999 -9999 -9999 -9999 -9999 -9999 -9999 -9999 -9999 -9999 -9999 -9999 -9999 -9999 -9999 -9999 -9999 -9999 -9999 -9999 -9999 -9999
8.63978E-1 8.52926E-1 8.52043E-1 8.70698E-1 8.75924E-1 8.42437E-1 5.45776E-1 4.79607E-1 7.62445E-1 7.15731E-1 7.5521E-1 5.03602E-1 4.21533E-1 3.34049E-1 4.97889E-1 7.68974E-1 7.69861E-1 4.31946E-1 6.24575E-1 6.6801E-1 7.39371E-1 9.07848E-1 9.172E-1 7.44071E-1 8.3213E-1 7.93619E-1 8.69717E-1 5.75103E-1 5.66112E-1 4.94587E-1 5.12037E-1 4.93411E-1 4.63479E-1 4.42106E-1 4.42608E-1 4.06491E-1 -9999 -9999 -9999 -9999 -9999 -9999 -9999 -9999 -9999 -9999 -9999 -9999 -9999 -9999 -9999 -9999 -9999 -9999 -9999 -9999 -9999 -9999 -9999 -9999 -9999 -9999 -9999 -9999 -9999 -9999
7.36134E-1 7.96683E-1 8.42179E-1 8.63652E-1 8.72303E-1 7.43258E-1 5.21714E-1 8.44248E-1 8.04721E-1 7.50271E-1 5.14897E-1 5.1685E-1 4.64387E-1 2.87871E-1 5.49123E-1 8.25741E-1 8.07022E-1 8.77409E-1 8.60575E-1 6.32674E-1 7.95305E-1 9.08186E-1 8.42263E-1 8.49674E-1 8.3167E-1 8.53253E-1 8.68382E-1 6.20994E-1 5.82689E-1 6.33818E-1 3.95366E-1 2.93999E-1 4.8282E-1 4.81888E-1 4.56974E-1 3.9523E-1 -9999 -9999 -9999 -9999 -9999 -9999 -9999 -9999 -9999 -9999 -9999 -9999 -9999 -9999 -9999 -9999 -9999 -9999 -9999 -9999 -9999 -9999 -9999 -9999 -9999 -9999 -9999 -9999 -9999 -9999
8.03984E-1 7.28691E-1 8.04486E-1 8.39309E-1 8.88509E-1 8.95901E-1 7.34018E-1 9.73221E-1 9.50527E-1 7.35692E-1 4.78135E-1 5.20524E-1 4.79726E-1 6.43629E-1 7.81215E-1 6.22577E-1 9.22508E-1 8.95836E-1 7.50963E-1 8.34656E-1 8.73757E-1 8.53701E-1 7.97498E-1 7.63021E-1 8.48404E-1 8.62636E-1 6.76663E-1 6.94753E-1 6.16063E-1 5.87965E-1 6.2878E-1 6.46467E-1 3.6981E-1 3.22523E-1 4.74024E-1 5.05376E-1 5.06429E-1 -9999 -9999 -9999 -9999 -9999 -9999 -9999 -9999 -9999 -9999 -9999 -9999 -9999 -9999 -9999 -9999 -9999 -9999 -9999 -9999 -9999 -9999 -9999 -9999 -9999 -9999 -9999 -9999 -9999
7.77308E-1 7.74996E-1 7.65993E-1 6.87844E-1 7.42149E-1 5.78497E-1 8.89032E-1 9.65169E-1 8.67766E-1 8.36652E-1 8.05679E-1 5.27551E-1 4.3818E-1 6.31522E-1 6.11955E-1 4.2338E-1 8.56449E-1 8.85383E-1 7.93677E-1 5.74535E-1 8.50243E-1 7.72314E-1 8.02336E-1 6.92385E-1 8.4413E-1 7.71372E-1 6.6548E-1 6.85199E-1 6.14606E-1 5.34267E-1 5.51246E-1 6.10336E-1 6.20004E-1 6.1281E-1 6.03112E-1 6.8993E-1 5.01671E-1 -9999 -9999 -9999 -9999 -9999 -9999 -9999 -9999 -9999 -9999 -9999 -9999 -9999 -9999 -9999 -9999 -9999 -9999 -9999 -9999 -9999 -9999 -9999 -9999 -9999 -9999 -9999 -9999 -9999
7.79229E-1 7.43575E-1 7.4622E-1 7.36463E-1 7.36284E-1 5.58385E-1 9.24338E-1 8.43834E-1 8.76427E-1 9.48726E-1 8.02106E-1 8.01522E-1 7.8053E-1 6.75369E-1 5.69458E-1 4.99651E-1 8.47626E-1 9.17578E-1 8.96532E-1 7.51076E-1 5.84643E-1 7.63651E-1 6.62752E-1 7.14104E-1 7.36843E-1 6.7437E-1 7.05658E-1 6.84697E-1 6.08243E-1 5.43732E-1 5.53976E-1 5.64118E-1 5.82361E-1 6.13065E-1 6.09375E-1 6.19909E-1 6.20033E-1 -9999 -9999 -9999 -9999 -9999 -9999 -9999 -9999 -9999 -9999 -9999 -9999 -9999 -9999 -9999 -9999 -9999 -9999 -9999 -9999 -9999 -9999 -9999 -9999 -9999 -9999 -9999 -9999 -9999
