SpatialData/MAXJAN2/rattus_norvegicus_avg.asc
ncols         299
nrows         658
xllcorner     582840.57256934
yllcorner     4505984.7454546
cellsize      30.0
NODATA_value  -9999
[rows 377 to 405 of 658, columns 66 to 131 of 299]
-9999 -9999 -9999 -9999 -9999 -9999 -9999 -9999 3.01829E-1 3.3168E-1 3.43467E-1 3.51354E-1 5.47716E-1 6.08683E-1 6.19366E-1 4.71347E-1 4.46736E-1 3.0396E-1 2.96976E-1 3.40175E-1 3.40684E-1 3.12936E-1 4.03558E-1 3.54543E-1 3.06729E-1 2.81563E-1 2.81797E-1 2.85537E-1 3.28744E-1 4.1255E-1 4.3757E-1 4.47618E-1 4.01741E-1 3.41281E-1 3.75784E-1 2.48269E-1 7.12906E-1 6.40207E-1 7.28604E-1 7.30662E-1 5.82969E-1 6.41951E-1 5.42213E-1 4.39313E-1 6.80378E-1 7.07884E-1 6.99057E-1 6.55942E-1 5.66007E-1 4.72808E-1 3.93032E-1 4.23584E-1 2.50743E-1 3.9961E-1 3.34535E-1 2.62105E-1 1.77836E-1 2.0786E-1 1.95277E-1 2.42142E-1 2.76228E-1 3.05047E-1 2.82517E-1 2.38713E-1 1.97016E-1 1.64733E-1
-9999 -9999 -9999 -9999 -9999 -9999 -9999 3.16737E-1 3.36244E-1 3.56138E-1 3.69101E-1 5.52896E-1 5.51476E-1 5.07225E-1 5.39048E-1 3.9314E-1 3.10471E-1 2.31581E-1 2.76168E-1 3.1781E-1 3.40289E-1 4.31513E-1 4.61053E-1 3.64729E-1 3.20004E-1 3.09296E-1 3.09476E-1 3.13601E-1 3.95214E-1 4.39131E-1 4.52188E-1 4.7541E-1 3.3041E-1 2.70671E-1 3.75911E-1 1.93053E-1 7.04489E-1 6.42895E-1 6.15232E-1 7.03341E-1 7.03172E-1 5.82561E-1 3.48573E-1 5.83297E-1 6.6271E-1 7.02679E-1 6.58773E-1 6.5128E-1 6.39145E-1 5.96418E-1 4.89924E-1 3.96954E-1 3.12316E-1 3.75382E-1 2.86142E-1 2.38777E-1 1.43771E-1 2.07645E-1 2.14382E-1 2.67436E-1 2.70588E-1 2.56813E-1 2.4638E-1 2.19613E-1 1.80536E-1 1.61939E-1
-9999 -9999 -9999 -9999 -9999 -9999 -9999 3.39812E-1 3.54413E-1 3.62641E-1 3.64845E-1 5.20744E-1 4.3938E-1 4.28182E-1 3.21006E-1 3.22378E-1 3.54097E-1 3.69109E-1 2.83851E-1 3.07897E-1 3.06478E-1 3.85464E-1 3.96783E-1 3.59442E-1 3.17335E-1 3.31698E-1 3.33932E-1 3.74092E-1 5.91687E-1 5.97234E-1 5.11625E-1 3.97445E-1 3.17757E-1 3.85142E-1 3.40702E-1 1.7408E-1 4.55283E-1 4.05971E-1 7.42619E-1 5.77615E-1 6.13165E-1 5.88706E-1 6.27285E-1 6.72396E-1 6.66776E-1 5.62005E-1 6.40972E-1 6.85439E-1 6.40766E-1 6.67356E-1 4.38362E-1 2.60007E-1 3.89596E-1 3.1891E-1 2.26033E-1 1.99495E-1 1.89248E-1 2.19161E-1 2.17521E-1 2.53945E-1 2.71535E-1 2.40575E-1 2.12889E-1 1.90802E-1 1.70974E-1 1.58723E-1
-9999 -9999 -9999 -9999 -9999 -9999 -9999 -9999 3.54633E-1 3.53165E-1 5.20653E-1 4.69073E-1 3.6232E-1 2.84344E-1 4.5689E-1 4.82343E-1 4.15462E-1 4.07941E-1 4.66968E-1 3.30686E-1 1.76702E-1 3.88652E-1 3.84635E-1 3.41979E-1 2.16313E-1 2.16501E-1 3.45094E-1 3.90337E-1 5.88101E-1 5.95174E-1 5.03442E-1 3.47631E-1 3.12697E-1 3.09816E-1 3.79121E-1 1.98448E-1 4.11562E-1 3.57339E-1 6.17308E-1 7.51786E-1 6.17212E-1 6.03562E-1 5.89101E-1 6.69972E-1 6.63388E-1 6.53415E-1 5.97177E-1 5.5174E-1 5.67062E-1 4.49684E-1 4.1145E-1 3.04747E-1 3.09744E-1 2.3613E-1 1.8118E-1 1.65876E-1 1.81898E-1 2.23472E-1 2.12283E-1 2.4068E-1 2.4667E-1 2.08321E-1 1.93425E-1 1.73535E-1 1.68288E-1 1.65273E-1
-9999 -9999 -9999 -9999 -9999 -9999 -9999 3.43478E-1 3.4044E-1 3.35557E-1 4.90117E-1 3.68594E-1 2.61696E-1 3.24866E-1 3.57347E-1 4.16766E-1 4.22407E-1 2.76961E-1 3.04925E-1 2.49684E-1 4.06412E-1 3.4927E-1 1.6838E-1 1.64121E-1 2.07042E-1 2.12587E-1 2.14994E-1 2.57119E-1 4.85004E-1 4.81774E-1 3.27273E-1 3.14378E-1 3.50174E-1 3.5815E-1 4.07171E-1 2.00308E-1 4.0257E-1 3.65265E-1 3.00455E-1 3.89364E-1 6.28094E-1 6.06219E-1 6.80175E-1 6.58589E-1 6.30262E-1 6.28141E-1 5.5699E-1 4.95131E-1 3.48965E-1 6.69842E-1 3.19081E-1 3.74968E-1 2.6338E-1 1.87655E-1 1.23484E-1 1.36681E-1 1.47609E-1 2.18092E-1 2.24504E-1 2.24108E-1 2.21281E-1 1.84659E-1 1.69952E-1 1.61746E-1 1.80476E-1 1.81413E-1
-9999 -9999 -9999 -9999 -9999 -9999 3.30099E-1 3.27244E-1 3.2552E-1 4.45647E-1 3.87804E-1 3.38879E-1 3.79815E-1 4.73835E-1 3.66509E-1 4.18611E-1 4.2319E-1 4.21268E-1 4.28153E-1 2.99725E-1 3.69147E-1 3.43057E-1 3.49706E-1 3.54485E-1 2.15418E-1 2.03709E-1 2.19709E-1 2.29211E-1 2.5466E-1 1.44208E-1 3.082E-1 3.11039E-1 3.39631E-1 4.04284E-1 4.50679E-1 2.24908E-1 3.91407E-1 3.632E-1 3.71492E-1 3.26427E-1 4.97649E-1 6.02111E-1 6.82999E-1 6.57947E-1 6.43507E-1 6.00377E-1 5.53994E-1 5.51518E-1 4.70314E-1 6.42835E-1 3.74504E-1 3.19043E-1 2.06414E-1 1.63722E-1 1.19667E-1 1.08554E-1 1.28677E-1 2.29758E-1 2.05593E-1 2.01845E-1 1.75108E-1 1.50664E-1 1.86903E-1 1.62732E-1 1.94983E-1 2.07949E-1
-9999 -9999 -9999 -9999 -9999 3.43703E-1 3.24502E-1 3.20431E-1 4.49474E-1 3.69192E-1 2.67708E-1 2.45361E-1 2.85172E-1 3.55994E-1 5.00768E-1 4.33061E-1 4.32152E-1 2.77072E-1 2.7508E-1 7.38459E-1 3.35429E-1 3.51368E-1 3.51897E-1 3.68657E-1 3.76934E-1 4.10181E-1 2.62334E-1 2.35079E-1 2.36703E-1 1.85272E-1 1.94371E-1 1.90836E-1 3.09075E-1 3.12298E-1 4.46238E-1 2.46167E-1 4.57311E-1 3.37917E-1 3.6258E-1 3.16196E-1 4.12465E-1 5.27274E-1 4.92335E-1 6.63158E-1 5.03837E-1 4.89333E-1 4.80858E-1 6.24023E-1 5.92212E-1 3.24357E-1 3.645E-1 2.50723E-1 1.83566E-1 1.04179E-1 1.05648E-1 1.07783E-1 1.07451E-1 1.68394E-1 1.73763E-1 1.96349E-1 1.90014E-1 1.9079E-1 1.96074E-1 1.95542E-1 2.38128E-1 2.41793E-1
-9999 -9999 -9999 -9999 -9999 3.33017E-1 3.24878E-1 3.18377E-1 3.99212E-1 3.2901E-1 1.51259E-1 2.51056E-1 2.66732E-1 3.30371E-1 4.98848E-1 2.85124E-1 2.17747E-1 2.8573E-1 7.40101E-1 7.32051E-1 7.36564E-1 7.40238E-1 2.9275E-1 3.56556E-1 4.16031E-1 4.74022E-1 4.53866E-1 4.11692E-1 1.59409E-1 2.10954E-1 3.85718E-1 1.83542E-1 2.12131E-1 2.48358E-1 4.46182E-1 2.47778E-1 4.66836E-1 6.1673E-1 3.62862E-1 3.30198E-1 3.23367E-1 6.30086E-1 3.94137E-1 4.73669E-1 4.5785E-1 6.03276E-1 3.6937E-1 6.35839E-1 5.73015E-1 3.39586E-1 3.10182E-1 1.95596E-1 1.16455E-1 8.86564E-2 9.24495E-2 9.27586E-2 9.85006E-2 1.4651E-1 1.59762E-1 1.86279E-1 1.91201E-1 1.98199E-1 2.12877E-1 2.49984E-1 2.70856E-1 2.59935E-1
-9999 -9999 -9999 -9999 3.62863E-1 3.36329E-1 3.32874E-1 4.53101E-1 4.08951E-1 2.51623E-1 2.16791E-1 3.45387E-1 2.60477E-1 3.35387E-1 2.6595E-1 2.90516E-1 2.87245E-1 3.4369E-1 5.36247E-1 7.39739E-1 7.20378E-1 7.04597E-1 7.43879E-1 7.10818E-1 3.62959E-1 4.85813E-1 4.67229E-1 4.31424E-1 1.19085E-1 1.72688E-1 2.06619E-1 1.78268E-1 1.91883E-1 2.32798E-1 2.80423E-1 1.65389E-1 4.57423E-1 4.19001E-1 3.09044E-1 3.10449E-1 2.67344E-1 6.31525E-1 6.31862E-1 4.09648E-1 2.87896E-1 5.25531E-1 4.25287E-1 3.41865E-1 2.38694E-1 3.29931E-1 2.52569E-1 1.739E-1 8.05608E-2 9.38406E-2 1.00363E-1 1.00083E-1 9.9277E-2 1.13725E-1 1.29378E-1 1.41859E-1 1.9142E-1 2.06835E-1 2.06996E-1 2.20367E-1 2.7157E-1 2.69007E-1
-9999 -9999 -9999 -9999 3.38713E-1 2.54491E-1 2.57805E-1 3.88069E-1 3.37229E-1 3.34923E-1 3.09128E-1 3.58403E-1 3.65915E-1 3.57846E-1 3.09146E-1 3.44927E-1 2.94907E-1 3.73142E-1 3.51023E-1 3.20704E-1 4.26747E-1 6.83151E-1 7.05528E-1 4.48183E-1 4.92742E-1 6.08305E-1 4.47388E-1 2.85717E-1 1.26327E-1 1.14981E-1 1.20282E-1 1.85569E-1 1.91391E-1 2.15944E-1 2.57881E-1 1.48867E-1 2.07777E-1 3.98418E-1 3.28254E-1 3.2835E-1 3.15661E-1 4.40554E-1 3.69198E-1 3.86125E-1 5.089E-1 6.08937E-1 6.17994E-1 1.86539E-1 3.32666E-1 2.53065E-1 2.03049E-1 1.5505E-1 1.32339E-1 1.33592E-1 1.06765E-1 1.11799E-1 8.51152E-2 9.59792E-2 1.17996E-1 1.46996E-1 1.72188E-1 1.65747E-1 1.51895E-1 1.85716E-1 2.31332E-1 2.39427E-1
-9999 -9999 -9999 3.2896E-1 2.58039E-1 2.54806E-1 3.99567E-1 3.87759E-1 3.21751E-1 3.08336E-1 2.85815E-1 3.68563E-1 4.23884E-1 3.47903E-1 3.44214E-1 3.73776E-1 4.2475E-1 4.27965E-1 3.33269E-1 2.93806E-1 2.72423E-1 2.7012E-1 3.38552E-1 4.39039E-1 5.12538E-1 5.70343E-1 6.02352E-1 1.44128E-1 1.36174E-1 1.17478E-1 1.08949E-1 1.03207E-1 1.19159E-1 2.06463E-1 2.29433E-1 1.30323E-1 1.63712E-1 2.66434E-1 2.59363E-1 2.83352E-1 3.07727E-1 3.03439E-1 3.28019E-1 2.86023E-1 3.2629E-1 5.34213E-1 3.86994E-1 2.60592E-1 3.42332E-1 2.43052E-1 2.33629E-1 2.2767E-1 2.17167E-1 1.68296E-1 1.19854E-1 1.06335E-1 8.56345E-2 8.16837E-2 8.93841E-2 1.21718E-1 1.544E-1 1.28754E-1 1.31354E-1 1.86282E-1 2.15597E-1 2.01223E-1
-9999 -9999 -9999 3.32536E-1 2.49512E-1 2.52753E-1 3.89379E-1 3.7458E-1 3.40204E-1 3.14953E-1 2.96144E-1 3.22558E-1 3.83744E-1 4.87061E-1 3.95197E-1 3.13249E-1 4.72652E-1 4.57835E-1 3.58502E-1 2.90651E-1 2.74433E-1 2.63126E-1 3.03188E-1 3.78981E-1 5.04893E-1 5.67987E-1 2.27078E-1 1.44416E-1 1.34237E-1 1.18517E-1 1.05743E-1 1.02802E-1 1.10863E-1 1.22553E-1 1.41138E-1 1.22584E-1 1.65574E-1 2.56554E-1 2.51013E-1 2.93337E-1 2.35962E-1 2.98122E-1 2.96774E-1 2.92179E-1 2.99292E-1 5.21355E-1 2.67297E-1 4.39336E-1 3.23049E-1 2.70875E-1 2.7194E-1 2.66713E-1 2.62117E-1 2.25196E-1 1.40431E-1 7.95396E-2 8.09234E-2 7.31012E-2 5.83231E-2 6.17053E-2 1.07384E-1 1.03532E-1 1.2208E-1 1.51362E-1 1.55144E-1 1.61229E-1
-9999 -9999 -9999 9.57105E-2 2.43389E-1 3.79656E-1 3.75619E-1 3.50271E-1 3.50186E-1 3.23049E-1 3.05194E-1 3.23024E-1 3.86551E-1 4.64722E-1 5.18793E-1 3.86531E-1 4.73432E-1 4.61526E-1 3.64143E-1 3.08769E-1 2.88729E-1 2.77909E-1 3.31633E-1 4.07696E-1 4.47608E-1 5.103E-1 1.5054E-1 1.48296E-1 1.24824E-1 1.30964E-1 1.13597E-1 1.0783E-1 1.06141E-1 1.1692E-1 1.37592E-1 7.33461E-2 3.96543E-1 2.46987E-1 3.08043E-1 2.94247E-1 2.48512E-1 3.24832E-1 2.51428E-1 2.89701E-1 3.83752E-1 4.19487E-1 3.865E-1 4.20297E-1 3.05045E-1 2.91485E-1 2.88525E-1 2.80367E-1 2.75655E-1 2.45571E-1 1.42896E-1 7.62572E-2 7.58707E-2 6.79315E-2 5.0602E-2 5.72484E-2 8.68096E-2 8.06192E-2 9.43195E-2 1.20037E-1 1.37138E-1 1.50191E-1
-9999 -9999 6.0291E-2 1.17408E-1 1.0706E-1 3.662E-1 3.5267E-1 3.50422E-1 3.31457E-1 3.20508E-1 3.23497E-1 3.33908E-1 3.81379E-1 4.43295E-1 4.24607E-1 5.49552E-1 3.10988E-1 6.38281E-1 5.12425E-1 3.38966E-1 3.19748E-1 3.32991E-1 3.89498E-1 4.13998E-1 4.52911E-1 2.23522E-1 2.00948E-1 1.383E-1 1.25931E-1 1.41336E-1 1.25824E-1 1.17294E-1 1.17208E-1 1.33153E-1 1.49322E-1 1.09062E-1 4.40506E-1 3.81465E-1 3.21095E-1 2.91849E-1 3.11099E-1 3.08354E-1 2.36033E-1 3.11684E-1 2.82859E-1 1.8827E-1 4.35402E-1 3.4935E-1 2.68638E-1 3.05266E-1 3.04057E-1 2.90161E-1 2.80479E-1 2.51267E-1 1.22871E-1 6.95414E-2 6.99806E-2 5.82891E-2 4.60974E-2 7.24327E-2 8.26506E-2 9.98902E-2 1.24092E-1 1.4009E-1 1.30538E-1 1.33875E-1
-9999 5.62269E-2 6.48441E-2 1.02969E-1 9.74386E-2 9.94496E-2 1.00112E-1 1.62338E-1 3.14289E-1 3.18563E-1 3.14621E-1 3.34335E-1 3.37438E-1 4.02492E-1 2.62663E-1 2.55958E-1 6.02403E-1 4.74586E-1 3.62526E-1 5.1972E-1 5.32305E-1 4.11043E-1 4.2972E-1 4.30917E-1 4.5502E-1 1.81459E-1 1.92062E-1 2.03434E-1 2.09379E-1 1.46578E-1 1.30002E-1 1.3024E-1 1.35613E-1 1.36062E-1 1.49544E-1 1.09672E-1 4.49757E-1 3.97461E-1 5.11312E-1 5.96907E-1 3.44925E-1 3.04094E-1 3.08594E-1 4.01018E-1 3.74509E-1 2.11429E-1 3.68857E-1 2.94895E-1 2.95075E-1 3.22269E-1 3.21335E-1 2.98863E-1 2.69062E-1 2.03177E-1 8.40126E-2 5.78614E-2 4.75655E-2 4.26893E-2 5.39175E-2 7.63752E-2 9.9516E-2 1.24238E-1 1.1914E-1 1.32856E-1 1.27665E-1 1.02642E-1
-9999 5.88738E-2 7.97725E-2 1.13251E-1 9.38667E-2 1.03729E-1 1.07276E-1 1.09415E-1 1.08813E-1 3.05752E-1 3.26222E-1 3.52773E-1 3.41487E-1 2.46001E-1 2.62274E-1 3.37078E-1 3.71898E-1 4.14401E-1 4.63162E-1 5.07567E-1 3.53188E-1 4.69075E-1 4.62604E-1 4.78796E-1 2.86827E-1 2.28903E-1 1.69673E-1 2.00628E-1 2.13326E-1 2.12893E-1 1.92718E-1 1.37082E-1 1.29215E-1 1.36418E-1 2.08944E-1 2.43366E-1 4.38722E-1 2.95203E-1 5.57726E-1 3.8262E-1 3.81267E-1 3.93214E-1 4.87431E-1 5.00157E-1 2.51088E-1 4.06343E-1 3.28354E-1 2.77639E-1 2.99393E-1 3.2693E-1 3.20983E-1 2.97414E-1 2.01508E-1 9.6082E-2 3.79562E-2 3.58937E-2 3.41705E-2 3.5516E-2 5.59936E-2 8.71305E-2 1.12843E-1 1.20377E-1 1.18006E-1 1.14691E-1 9.81838E-2 6.60176E-2
5.76504E-2 7.63496E-2 1.24127E-1 4.4375E-1 4.85427E-1 1.46135E-1 1.10847E-1 1.11461E-1 1.11923E-1 1.20194E-1 3.81401E-1 3.89185E-1 3.87704E-1 2.09496E-1 3.24492E-1 3.50158E-1 3.20449E-1 3.64193E-1 3.81445E-1 4.92467E-1 3.61041E-1 3.71566E-1 4.97908E-1 4.66878E-1 2.92193E-1 4.65038E-1 4.78619E-1 2.29121E-1 1.98653E-1 2.16331E-1 2.02086E-1 1.40219E-1 1.3692E-1 1.27874E-1 4.46392E-1 2.27489E-1 4.11384E-1 3.68892E-1 3.10726E-1 4.03168E-1 5.10651E-1 6.9233E-1 7.19156E-1 6.94939E-1 3.99907E-1 3.54075E-1 2.84416E-1 2.54155E-1 2.76581E-1 3.1001E-1 3.01242E-1 2.72963E-1 1.69432E-1 7.21382E-2 3.96397E-2 3.6006E-2 3.436E-2 3.69261E-2 5.9247E-2 7.97527E-2 1.09047E-1 1.20776E-1 1.20812E-1 1.06667E-1 7.73937E-2 4.4963E-2
7.93782E-2 8.00634E-2 1.31798E-1 4.71927E-1 5.47832E-1 5.6088E-1 5.71988E-1 1.49672E-1 1.28497E-1 1.46145E-1 1.24504E-1 1.13785E-1 2.05018E-1 3.06844E-1 3.043E-1 3.49679E-1 3.577E-1 2.71666E-1 3.65974E-1 3.40409E-1 3.42776E-1 3.5864E-1 4.12069E-1 5.98532E-1 2.86751E-1 2.82584E-1 4.79454E-1 5.01655E-1 5.2376E-1 1.72169E-1 1.52854E-1 1.43844E-1 1.45124E-1 1.50025E-1 4.24653E-1 2.4043E-1 4.51829E-1 3.83727E-1 3.55438E-1 3.48074E-1 4.57055E-1 6.85003E-1 7.18514E-1 3.67939E-1 3.898E-1 3.07891E-1 2.57026E-1 2.33772E-1 2.51239E-1 2.76639E-1 2.77391E-1 2.15078E-1 1.37722E-1 6.82453E-2 5.42509E-2 3.84864E-2 3.70644E-2 4.5298E-2 5.93169E-2 6.65943E-2 9.14635E-2 1.09815E-1 1.06168E-1 9.18951E-2 5.07633E-2 5.29881E-2
7.83571E-2 8.43356E-2 2.61725E-1 4.12776E-1 5.02758E-1 5.10444E-1 5.71167E-1 5.77876E-1 5.03432E-1 1.29542E-1 1.27006E-1 4.74496E-2 1.67589E-1 1.75713E-1 2.88895E-1 3.49177E-1 3.48497E-1 3.20216E-1 3.69078E-1 2.98125E-1 3.68169E-1 3.57675E-1 4.25493E-1 5.05031E-1 4.60074E-1 3.20122E-1 4.64098E-1 4.90994E-1 2.79311E-1 2.87303E-1 2.92729E-1 1.82908E-1 1.5806E-1 2.92695E-1 4.3994E-1 1.91226E-1 3.85425E-1 3.62154E-1 5.30782E-1 4.35593E-1 4.43317E-1 7.07472E-1 7.05412E-1 4.3428E-1 3.82762E-1 2.8973E-1 2.47845E-1 2.19074E-1 2.12229E-1 2.01121E-1 1.80247E-1 1.4824E-1 1.13857E-1 1.01046E-1 9.05319E-2 7.09951E-2 4.3174E-2 4.74671E-2 5.52747E-2 6.25185E-2 6.89559E-2 7.67021E-2 8.06658E-2 6.48773E-2 4.2009E-2 6.03141E-2
6.53068E-2 6.87141E-2 1.95516E-1 1.93296E-1 4.24419E-1 5.12179E-1 5.56115E-1 6.21026E-1 5.36745E-1 5.2146E-1 2.79154E-1 5.7264E-2 1.64551E-1 1.59105E-1 1.84662E-1 2.06277E-1 3.07044E-1 3.22188E-1 2.70092E-1 3.21861E-1 3.39358E-1 3.13349E-1 3.04416E-1 4.35933E-1 4.04722E-1 3.83811E-1 4.11018E-1 4.70714E-1 2.58174E-1 2.52055E-1 2.69358E-1 2.93296E-1 2.54777E-1 2.59976E-1 3.32409E-1 1.69728E-1 3.67969E-1 3.07521E-1 2.61484E-1 3.28296E-1 5.50001E-1 6.92024E-1 4.09733E-1 4.65582E-1 3.87136E-1 3.12616E-1 2.46782E-1 2.04751E-1 1.77036E-1 1.35345E-1 1.23497E-1 1.28174E-1 1.15525E-1 1.15665E-1 1.15273E-1 9.52593E-2 6.29401E-2 4.86067E-2 5.45517E-2 6.00618E-2 5.37473E-2 5.23911E-2 5.03109E-2 4.15983E-2 4.09853E-2 6.44953E-2
6.34543E-2 6.85164E-2 1.99333E-1 1.9354E-1 3.7777E-1 3.91142E-1 5.80836E-1 4.27712E-1 4.47142E-1 4.17032E-1 2.94418E-1 2.69745E-1 3.14168E-1 1.97285E-1 1.7655E-1 2.07604E-1 2.3572E-1 2.87435E-1 2.52626E-1 3.39217E-1 3.41761E-1 2.56316E-1 2.42537E-1 2.30387E-1 3.29531E-1 4.40835E-1 4.63087E-1 4.73517E-1 4.82995E-1 4.76676E-1 2.54716E-1 2.70054E-1 2.47772E-1 2.55503E-1 3.16318E-1 1.75665E-1 3.50141E-1 3.24947E-1 2.88811E-1 3.10034E-1 4.36466E-1 3.50364E-1 4.7501E-1 4.16075E-1 3.38147E-1 2.91615E-1 2.01847E-1 1.38879E-1 1.29797E-1 1.08371E-1 8.51135E-2 1.07424E-1 1.16692E-1 1.12904E-1 1.20587E-1 1.02161E-1 8.56559E-2 5.38799E-2 5.4837E-2 5.33835E-2 5.64853E-2 5.17195E-2 4.64489E-2 3.74263E-2 4.43817E-2 6.72953E-2
6.73508E-2 6.92702E-2 1.5058E-1 1.90991E-1 1.83932E-1 3.91814E-1 4.40226E-1 3.18755E-1 2.93548E-1 3.21442E-1 3.09451E-1 2.67971E-1 2.71449E-1 2.8479E-1 3.23648E-1 2.0362E-1 2.21605E-1 2.89863E-1 3.04929E-1 2.75517E-1 2.87481E-1 2.44522E-1 2.25492E-1 1.82311E-1 3.39559E-1 3.02019E-1 4.09898E-1 5.27266E-1 5.26988E-1 4.99321E-1 2.69689E-1 2.19907E-1 2.76344E-1 2.29873E-1 2.98413E-1 3.01455E-1 1.83267E-1 3.23525E-1 3.13894E-1 3.86178E-1 3.55903E-1 2.60266E-1 4.54257E-1 3.63379E-1 3.13259E-1 2.36093E-1 2.00848E-1 1.29198E-1 8.79897E-2 6.63822E-2 6.28007E-2 9.62752E-2 1.09909E-1 1.11409E-1 1.14046E-1 1.02633E-1 8.8005E-2 5.98944E-2 5.76736E-2 6.03023E-2 5.3921E-2 5.29566E-2 5.57902E-2 6.99554E-2 6.01135E-2 6.30271E-2
5.49772E-2 8.75562E-2 1.55249E-1 1.61309E-1 1.3785E-1 2.00717E-1 2.63773E-1 1.90113E-1 1.85398E-1 1.97085E-1 1.44407E-1 2.57528E-1 2.73772E-1 2.86863E-1 4.06447E-1 3.93968E-1 1.95656E-1 2.9741E-1 2.9654E-1 2.68652E-1 2.24651E-1 2.71842E-1 2.41227E-1 1.79759E-1 2.03001E-1 3.06735E-1 5.32984E-1 5.44631E-1 4.54953E-1 2.95722E-1 2.79189E-1 2.60716E-1 2.57602E-1 2.19782E-1 2.36219E-1 2.56098E-1 2.01966E-1 3.619E-1 2.48755E-1 3.78005E-1 1.58756E-1 4.46362E-1 3.8272E-1 3.17803E-1 2.82257E-1 2.17967E-1 1.82921E-1 1.1912E-1 7.07609E-2 5.33628E-2 4.93117E-2 7.46524E-2 9.36012E-2 9.70561E-2 1.01097E-1 1.00819E-1 8.23052E-2 6.00029E-2 6.23494E-2 7.04776E-2 6.31868E-2 6.50681E-2 7.39052E-2 7.96583E-2 7.78876E-2 6.56259E-2
5.80483E-2 9.89661E-2 3.22428E-1 2.13352E-1 1.55527E-1 1.80972E-1 1.63897E-1 1.68587E-1 1.79075E-1 2.05868E-1 1.74703E-1 1.58187E-1 1.52062E-1 3.57112E-1 3.77711E-1 3.91055E-1 5.39124E-1 5.8647E-1 4.41627E-1 1.53158E-1 2.73284E-1 2.68621E-1 2.2331E-1 1.83553E-1 2.55332E-1 3.01668E-1 5.12165E-1 5.43675E-1 5.59322E-1 3.86997E-1 2.74011E-1 2.79809E-1 2.73293E-1 3.36652E-1 3.36874E-1 2.65253E-1 1.82782E-1 3.57744E-1 3.32938E-1 3.00338E-1 9.42333E-2 3.91908E-1 2.75262E-1 2.59506E-1 2.09297E-1 2.16436E-1 2.09454E-1 1.11905E-1 8.71946E-2 7.47674E-2 5.50521E-2 4.82772E-2 6.3444E-2 7.34444E-2 7.58296E-2 9.24335E-2 7.50523E-2 7.32175E-2 8.07409E-2 8.42097E-2 1.16753E-1 1.36756E-1 1.30902E-1 1.15389E-1 8.8216E-2 7.29015E-2
8.43458E-2 1.13009E-1 2.55009E-1 2.05544E-1 1.87357E-1 7.83323E-2 9.06893E-2 1.24889E-1 2.18924E-1 1.77536E-1 1.95206E-1 2.0504E-1 2.06555E-1 3.4287E-1 3.64479E-1 3.82118E-1 5.05434E-1 2.87196E-1 2.95902E-1 2.45238E-1 3.18325E-1 2.7249E-1 2.19621E-1 2.12362E-1 2.34776E-1 2.53286E-1 3.38608E-1 3.67793E-1 5.56939E-1 4.1203E-1 4.22995E-1 3.49513E-1 3.56407E-1 3.44453E-1 2.9836E-1 3.3882E-1 1.45648E-1 3.21772E-1 3.35394E-1 1.06855E-1 4.47466E-1 3.78648E-1 2.59354E-1 1.77234E-1 1.50614E-1 1.7373E-1 1.75746E-1 1.55291E-1 1.47662E-1 1.30499E-1 1.0409E-1 5.71706E-2 4.70789E-2 5.66006E-2 6.75642E-2 6.90985E-2 7.06804E-2 7.49357E-2 7.86426E-2 1.14052E-1 1.63005E-1 1.6685E-1 1.84895E-1 1.81955E-1 1.74327E-1 1.34707E-1
8.55248E-2 9.92225E-2 1.16497E-1 1.11356E-1 2.13973E-1 8.63868E-2 9.84169E-2 1.07592E-1 7.20319E-2 1.75017E-1 1.73205E-1 2.44917E-1 2.62521E-1 3.93563E-1 3.65009E-1 3.56265E-1 3.43426E-1 5.40969E-1 3.9976E-1 4.94975E-1 3.94715E-1 4.10076E-1 1.94298E-1 1.85218E-1 2.34517E-1 2.6142E-1 2.90601E-1 2.6271E-1 3.19704E-1 4.01447E-1 4.06544E-1 4.09853E-1 4.0732E-1 4.06182E-1 3.31384E-1 3.23953E-1 1.48628E-1 3.07569E-1 2.66412E-1 2.22953E-1 4.23891E-1 3.24301E-1 2.34258E-1 1.20379E-1 1.32268E-1 1.87323E-1 1.53556E-1 1.81637E-1 1.6771E-1 1.681E-1 1.51627E-1 8.4099E-2 6.07289E-2 5.40418E-2 6.50616E-2 7.99367E-2 7.63224E-2 8.37674E-2 9.08252E-2 1.76826E-1 2.14843E-1 2.16284E-1 2.41218E-1 2.33873E-1 2.41905E-1 1.82318E-1
7.40239E-2 9.44073E-2 1.12908E-1 1.24401E-1 1.28039E-1 1.14752E-1 1.0153E-1 8.68809E-2 1.89119E-1 2.31326E-1 2.05362E-1 1.86131E-1 2.00236E-1 4.17437E-1 4.04415E-1 3.2007E-1 2.65631E-1 4.15783E-1 4.09776E-1 3.41963E-1 6.2224E-1 4.70844E-1 6.47312E-1 3.07734E-1 1.99999E-1 2.72289E-1 2.92049E-1 5.21038E-1 2.79767E-1 4.13611E-1 4.09869E-1 4.06541E-1 3.72016E-1 3.65684E-1 3.20012E-1 2.57723E-1 1.71105E-1 3.47288E-1 1.66737E-1 4.92759E-1 3.81682E-1 2.64969E-1 1.35783E-1 9.87212E-2 1.04206E-1 1.52696E-1 1.6348E-1 1.84723E-1 1.83723E-1 1.93743E-1 1.99748E-1 1.4645E-1 9.33445E-2 7.0292E-2 8.13846E-2 9.19472E-2 1.23473E-1 1.63948E-1 1.74954E-1 2.30651E-1 2.50471E-1 2.46456E-1 2.36275E-1 2.42654E-1 2.37096E-1 1.86416E-1
6.00088E-2 1.8436E-1 7.93994E-2 1.0356E-1 1.29843E-1 1.32718E-1 1.233E-1 1.70369E-1 2.26238E-1 2.50276E-1 2.8671E-1 2.70699E-1 2.75129E-1 4.2585E-1 4.42724E-1 3.84698E-1 4.0585E-1 4.40937E-1 5.26911E-1 4.92608E-1 4.35915E-1 3.4861E-1 3.52476E-1 3.66797E-1 6.15908E-1 3.42042E-1 2.93708E-1 2.59636E-1 4.11421E-1 4.19474E-1 4.17076E-1 4.13285E-1 3.72012E-1 3.54289E-1 3.3373E-1 3.81356E-1 2.17684E-1 4.16376E-1 2.11838E-1 5.17169E-1 3.46694E-1 2.35428E-1 8.26932E-2 8.33357E-2 8.79756E-2 1.40775E-1 1.83408E-1 1.90448E-1 2.26518E-1 2.54417E-1 2.49531E-1 2.29312E-1 1.44662E-1 1.15564E-1 1.24733E-1 1.57171E-1 1.82261E-1 1.95349E-1 1.96366E-1 2.23221E-1 2.40963E-1 2.25657E-1 2.17167E-1 1.99949E-1 1.85086E-1 1.63993E-1
1.5684E-1 1.50049E-1 1.55826E-1 1.8224E-1 9.7029E-2 1.35983E-1 9.52962E-2 4.96811E-1 5.05412E-1 5.40275E-1 3.018E-1 2.80736E-1 2.84526E-1 4.86192E-1 6.64631E-1 3.97041E-1 3.02578E-1 4.05707E-1 5.47428E-1 7.05221E-1 3.99422E-1 3.93824E-1 3.3507E-1 3.71001E-1 6.32521E-1 6.25673E-1 2.8676E-1 3.90241E-1 4.00896E-1 4.22063E-1 4.22274E-1 3.77439E-1 3.70142E-1 3.45181E-1 3.29669E-1 4.01278E-1 2.55442E-1 2.8123E-1 5.45478E-1 5.29149E-1 3.59621E-1 2.36618E-1 1.04886E-1 8.13132E-2 8.67966E-2 1.46607E-1 1.90967E-1 2.37229E-1 2.67457E-1 2.80012E-1 2.6939E-1 2.3865E-1 1.80948E-1 1.72951E-1 2.06286E-1 2.31982E-1 2.11858E-1 1.92896E-1 1.95579E-1 1.96283E-1 2.05874E-1 2.14352E-1 1.99548E-1 1.77814E-1 1.49756E-1 1.5513E-1
