SpatialData/AES/lc30_euclidean_matchextent.asc
ncols         299
nrows         658
xllcorner     582840.57256934
yllcorner     4505984.7454546
cellsize      30
NODATA_value  -9999
[rows 592 to 628 of 658, columns 0 to 83 of 299]
-9999 -9999 -9999 -9999 -9999 -9999 -9999 0 0 0 30 60 67.08204 60 30 0 30 0 0 30 42.42641 42.42641 30 30 30 42.42641 67.08204 94.86833 123.6932 134.1641 134.1641 108.1665 84.85281 67.08204 60 67.08204 84.85281 67.08204 60 67.08204 60 67.08204 84.85281 108.1665 134.1641 161.5549 189.7367 182.4829 169.7056 150 134.1641 123.6932 120 123.6932 134.1641 127.2792 108.1665 94.86833 90 94.86833 108.1665 127.2792 150 161.5549 152.9706 123.6932 94.86833 67.08204 42.42641 30 42.42641 30 30 30 42.42641 67.08204 90 60 30 0 30 60 67.08204 60
-9999 -9999 -9999 -9999 -9999 -9999 -9999 0 0 0 30 30 42.42641 60 42.42641 30 30 0 30 42.42641 67.08204 60 60 60 60 67.08204 84.85281 90 94.86833 108.1665 127.2792 127.2792 108.1665 94.86833 90 94.86833 108.1665 94.86833 67.08204 42.42641 30 42.42641 67.08204 94.86833 123.6932 152.9706 161.5549 152.9706 150 127.2792 108.1665 94.86833 90 94.86833 108.1665 123.6932 134.1641 123.6932 120 123.6932 134.1641 150 169.7056 180 150 120 90 60 30 0 30 0 0 30 60 84.85281 94.86833 67.08204 42.42641 30 42.42641 67.08204 94.86833 90
-9999 -9999 -9999 -9999 -9999 -9999 0 0 0 30 30 0 30 30 30 30 42.42641 30 42.42641 67.08204 42.42641 30 30 30 42.42641 67.08204 67.08204 60 67.08204 84.85281 108.1665 134.1641 134.1641 123.6932 120 123.6932 120 90 60 30 0 30 60 90 120 150 134.1641 123.6932 120 108.1665 84.85281 67.08204 60 67.08204 84.85281 94.86833 108.1665 127.2792 150 152.9706 161.5549 174.9286 192.0937 182.4829 152.9706 123.6932 94.86833 67.08204 42.42641 30 30 30 0 30 60 90 90 84.85281 67.08204 60 67.08204 84.85281 108.1665 94.86833
-9999 -9999 -9999 -9999 -9999 -9999 30 0 30 42.42641 30 0 30 0 0 0 30 42.42641 67.08204 60 30 0 0 0 30 60 42.42641 30 42.42641 67.08204 94.86833 123.6932 152.9706 152.9706 150 152.9706 123.6932 94.86833 67.08204 42.42641 30 42.42641 67.08204 94.86833 123.6932 127.2792 108.1665 94.86833 90 90 67.08204 42.42641 30 42.42641 60 67.08204 84.85281 108.1665 134.1641 161.5549 189.7367 201.2461 216.3331 189.7367 161.5549 134.1641 108.1665 84.85281 60 30 0 30 30 42.42641 67.08204 60 60 67.08204 84.85281 90 94.86833 108.1665 120 90
-9999 -9999 -9999 -9999 -9999 -9999 0 30 42.42641 30 0 30 42.42641 30 30 30 0 30 60 60 30 0 0 30 42.42641 60 30 0 30 60 90 120 150 180 174.9286 150 127.2792 108.1665 84.85281 67.08204 60 67.08204 84.85281 108.1665 134.1641 108.1665 84.85281 67.08204 60 60 60 30 0 30 30 42.42641 67.08204 94.86833 123.6932 152.9706 182.4829 201.2461 189.7367 182.4829 161.5549 134.1641 108.1665 84.85281 67.08204 42.42641 30 42.42641 60 67.08204 42.42641 30 30 42.42641 67.08204 94.86833 123.6932 123.6932 120 90
-9999 -9999 -9999 -9999 -9999 -9999 0 30 42.42641 30 0 30 60 30 0 30 30 42.42641 67.08204 60 30 0 0 30 42.42641 67.08204 42.42641 30 42.42641 67.08204 94.86833 123.6932 150 174.9286 161.5549 134.1641 108.1665 84.85281 67.08204 60 67.08204 84.85281 94.86833 108.1665 123.6932 94.86833 67.08204 42.42641 30 30 42.42641 42.42641 30 0 0 30 60 90 120 150 180 174.9286 161.5549 152.9706 150 123.6932 94.86833 67.08204 42.42641 30 42.42641 67.08204 84.85281 60 30 0 0 30 60 90 108.1665 94.86833 90 84.85281
-9999 -9999 -9999 -9999 -9999 -9999 0 0 30 30 0 30 60 42.42641 30 0 30 60 84.85281 67.08204 42.42641 30 0 0 30 42.42641 42.42641 30 42.42641 67.08204 84.85281 108.1665 134.1641 161.5549 152.9706 123.6932 94.86833 67.08204 42.42641 30 42.42641 60 67.08204 84.85281 108.1665 90 60 30 0 0 30 60 42.42641 30 30 42.42641 67.08204 94.86833 123.6932 152.9706 169.7056 150 134.1641 123.6932 120 120 90 60 30 0 30 42.42641 67.08204 67.08204 42.42641 30 0 30 60 90 84.85281 67.08204 60 67.08204
-9999 -9999 -9999 -9999 -9999 -9999 0 30 42.42641 42.42641 30 30 42.42641 30 0 0 30 60 90 84.85281 67.08204 42.42641 30 30 0 30 30 0 30 42.42641 67.08204 94.86833 123.6932 152.9706 150 120 90 60 30 0 30 30 42.42641 67.08204 94.86833 94.86833 67.08204 42.42641 30 0 30 60 42.42641 30 42.42641 67.08204 84.85281 108.1665 134.1641 161.5549 150 127.2792 108.1665 94.86833 90 90 94.86833 67.08204 42.42641 30 0 30 60 84.85281 67.08204 42.42641 30 42.42641 67.08204 94.86833 67.08204 42.42641 30 42.42641
-9999 -9999 -9999 -9999 -9999 -9999 0 30 42.42641 60 30 0 30 30 0 30 42.42641 67.08204 94.86833 108.1665 84.85281 67.08204 60 30 0 30 42.42641 30 0 30 60 90 120 150 152.9706 123.6932 94.86833 67.08204 42.42641 30 30 0 30 60 90 90 60 30 0 30 42.42641 60 30 0 30 42.42641 67.08204 94.86833 123.6932 152.9706 134.1641 108.1665 84.85281 67.08204 60 60 67.08204 60 30 0 30 42.42641 67.08204 94.86833 84.85281 67.08204 60 67.08204 84.85281 90 60 30 0 30
-9999 -9999 -9999 -9999 -9999 -9999 0 0 30 60 42.42641 30 30 0 0 30 42.42641 67.08204 94.86833 108.1665 108.1665 94.86833 67.08204 42.42641 30 42.42641 67.08204 42.42641 30 42.42641 67.08204 94.86833 123.6932 152.9706 161.5549 134.1641 108.1665 84.85281 60 30 0 30 42.42641 67.08204 84.85281 67.08204 60 42.42641 30 42.42641 67.08204 42.42641 30 0 0 30 60 90 120 150 123.6932 94.86833 67.08204 42.42641 30 30 42.42641 67.08204 42.42641 30 42.42641 67.08204 84.85281 108.1665 108.1665 94.86833 84.85281 67.08204 60 67.08204 67.08204 42.42641 30 0
-9999 -9999 -9999 -9999 -9999 30 0 30 42.42641 60 30 0 30 0 30 0 30 60 67.08204 84.85281 84.85281 67.08204 60 67.08204 60 67.08204 84.85281 67.08204 60 67.08204 84.85281 108.1665 134.1641 161.5549 174.9286 150 123.6932 94.86833 67.08204 42.42641 30 42.42641 67.08204 84.85281 67.08204 42.42641 30 30 42.42641 67.08204 60 30 0 30 30 42.42641 67.08204 94.86833 123.6932 150 120 90 60 30 0 0 30 42.42641 67.08204 60 67.08204 84.85281 108.1665 94.86833 90 90 67.08204 42.42641 30 42.42641 67.08204 42.42641 30 0
-9999 -9999 -9999 -9999 -9999 42.42641 30 30 42.42641 67.08204 42.42641 30 42.42641 30 42.42641 30 42.42641 30 42.42641 67.08204 67.08204 42.42641 30 42.42641 67.08204 94.86833 108.1665 94.86833 90 94.86833 108.1665 127.2792 150 174.9286 161.5549 150 120 90 60 30 0 30 42.42641 67.08204 42.42641 30 0 0 30 42.42641 67.08204 42.42641 30 30 30 42.42641 67.08204 94.86833 123.6932 152.9706 123.6932 94.86833 67.08204 42.42641 30 0 0 30 42.42641 67.08204 94.86833 108.1665 84.85281 67.08204 60 60 60 30 0 30 42.42641 30 0 0
-9999 -9999 -9999 -9999 -9999 60 30 0 30 60 67.08204 60 67.08204 60 60 60 30 0 30 60 60 30 0 30 60 90 120 123.6932 120 123.6932 134.1641 150 169.7056 150 134.1641 123.6932 120 94.86833 67.08204 42.42641 30 0 30 60 30 0 0 30 0 30 60 42.42641 30 0 0 30 60 90 120 150 123.6932 94.86833 67.08204 42.42641 30 30 30 0 30 60 90 94.86833 67.08204 42.42641 30 30 42.42641 42.42641 30 0 30 30 0 0
-9999 -9999 -9999 -9999 -9999 30 42.42641 30 42.42641 30 42.42641 67.08204 67.08204 42.42641 30 42.42641 42.42641 30 42.42641 67.08204 67.08204 42.42641 30 42.42641 67.08204 94.86833 123.6932 152.9706 150 152.9706 161.5549 169.7056 150 127.2792 108.1665 94.86833 90 94.86833 84.85281 67.08204 42.42641 30 42.42641 67.08204 42.42641 30 30 30 0 30 60 30 0 0 30 42.42641 67.08204 94.86833 123.6932 150 120 90 60 30 0 0 30 30 42.42641 67.08204 94.86833 90 60 30 0 0 30 60 42.42641 30 42.42641 30 0 0
-9999 -9999 -9999 -9999 -9999 0 30 0 30 0 30 60 60 30 0 30 60 60 67.08204 84.85281 84.85281 67.08204 60 67.08204 84.85281 108.1665 134.1641 161.5549 180 182.4829 174.9286 150 127.2792 108.1665 84.85281 67.08204 60 67.08204 84.85281 84.85281 67.08204 60 67.08204 60 30 0 30 42.42641 30 42.42641 42.42641 30 30 0 30 60 84.85281 94.86833 108.1665 127.2792 120 90 60 30 0 30 42.42641 60 67.08204 84.85281 108.1665 94.86833 67.08204 42.42641 30 30 42.42641 67.08204 67.08204 60 60 30 0 0
-9999 -9999 -9999 -9999 -9999 30 30 30 42.42641 30 42.42641 67.08204 60 30 0 30 60 90 94.86833 108.1665 94.86833 90 90 94.86833 108.1665 127.2792 150 174.9286 201.2461 189.7367 161.5549 134.1641 108.1665 84.85281 67.08204 42.42641 30 42.42641 67.08204 94.86833 90 90 94.86833 67.08204 42.42641 30 42.42641 67.08204 42.42641 30 30 0 30 0 30 60 60 67.08204 84.85281 108.1665 123.6932 94.86833 67.08204 42.42641 30 42.42641 67.08204 84.85281 94.86833 108.1665 127.2792 108.1665 84.85281 67.08204 60 60 67.08204 84.85281 67.08204 42.42641 30 42.42641 30 30
-9999 -9999 -9999 -9999 -9999 30 0 30 30 42.42641 67.08204 84.85281 67.08204 42.42641 30 42.42641 67.08204 94.86833 108.1665 84.85281 67.08204 60 67.08204 84.85281 108.1665 134.1641 161.5549 189.7367 201.2461 174.9286 150 123.6932 94.86833 67.08204 42.42641 30 0 30 60 67.08204 60 67.08204 84.85281 84.85281 67.08204 60 67.08204 60 30 0 30 30 30 0 30 42.42641 30 42.42641 67.08204 94.86833 123.6932 108.1665 84.85281 67.08204 60 67.08204 84.85281 108.1665 120 123.6932 134.1641 127.2792 108.1665 94.86833 90 90 94.86833 90 60 30 0 30 60 60
-9999 -9999 -9999 -9999 -9999 30 0 30 0 30 60 90 84.85281 67.08204 60 67.08204 84.85281 108.1665 94.86833 67.08204 42.42641 30 42.42641 67.08204 94.86833 123.6932 152.9706 182.4829 189.7367 161.5549 134.1641 108.1665 84.85281 60 30 0 0 30 60 42.42641 30 42.42641 67.08204 84.85281 84.85281 67.08204 60 67.08204 42.42641 30 42.42641 60 42.42641 30 0 30 0 30 60 90 108.1665 127.2792 108.1665 94.86833 90 94.86833 108.1665 94.86833 90 94.86833 108.1665 127.2792 127.2792 108.1665 94.86833 90 94.86833 90 67.08204 42.42641 30 42.42641 67.08204 90
-9999 -9999 -9999 -9999 67.08204 -9999 -9999 -9999 30 42.42641 67.08204 94.86833 108.1665 94.86833 90 94.86833 108.1665 120 90 60 30 0 30 60 90 120 150 180 169.7056 150 123.6932 94.86833 67.08204 42.42641 30 0 0 30 42.42641 30 0 30 42.42641 67.08204 67.08204 42.42641 30 42.42641 67.08204 42.42641 30 42.42641 30 0 30 30 30 42.42641 60 67.08204 84.85281 108.1665 120 123.6932 120 108.1665 84.85281 67.08204 60 67.08204 84.85281 108.1665 108.1665 84.85281 67.08204 60 67.08204 60 67.08204 67.08204 60 67.08204 84.85281 67.08204
-9999 -9999 -9999 -9999 -9999 -9999 -9999 -9999 60 67.08204 84.85281 108.1665 134.1641 123.6932 120 123.6932 134.1641 120 90 60 30 0 30 60 90 120 150 152.9706 150 127.2792 108.1665 84.85281 60 30 0 0 0 0 30 0 0 0 30 60 60 30 0 30 60 30 0 30 30 0 0 0 30 42.42641 30 42.42641 67.08204 94.86833 90 94.86833 108.1665 94.86833 67.08204 42.42641 30 42.42641 67.08204 94.86833 94.86833 67.08204 42.42641 30 42.42641 30 42.42641 67.08204 67.08204 60 67.08204 42.42641
-9999 -9999 -9999 -9999 -9999 -9999 -9999 42.42641 30 42.42641 67.08204 94.86833 123.6932 150 150 152.9706 152.9706 123.6932 94.86833 67.08204 42.42641 30 42.42641 67.08204 94.86833 120 120 123.6932 134.1641 108.1665 84.85281 67.08204 42.42641 30 0 30 30 30 0 0 30 30 42.42641 60 42.42641 30 0 30 42.42641 42.42641 30 42.42641 30 30 0 0 0 30 0 30 60 67.08204 60 67.08204 84.85281 90 60 30 0 30 60 90 90 60 30 0 30 0 30 42.42641 42.42641 30 42.42641 30
-9999 -9999 -9999 -9999 -9999 -9999 -9999 -9999 0 30 60 84.85281 108.1665 134.1641 161.5549 182.4829 161.5549 134.1641 108.1665 84.85281 67.08204 60 67.08204 84.85281 94.86833 90 90 94.86833 108.1665 94.86833 67.08204 42.42641 30 0 0 0 30 30 0 0 30 0 30 30 30 0 0 0 30 60 60 30 0 30 30 0 30 42.42641 30 42.42641 30 42.42641 30 42.42641 67.08204 67.08204 60 42.42641 30 42.42641 67.08204 94.86833 90 67.08204 42.42641 30 30 0 0 30 30 0 30 0
-9999 -9999 -9999 -9999 42.42641 30 -9999 30 0 30 42.42641 67.08204 94.86833 123.6932 152.9706 182.4829 174.9286 150 127.2792 108.1665 94.86833 90 94.86833 84.85281 67.08204 60 60 67.08204 84.85281 90 60 30 0 0 30 0 0 0 0 0 0 30 30 0 0 30 0 30 42.42641 67.08204 67.08204 42.42641 30 0 0 0 30 60 60 30 0 30 0 30 60 42.42641 30 42.42641 60 67.08204 84.85281 67.08204 60 60 30 0 30 30 0 30 0 0 30 0
-9999 -9999 -9999 -9999 30 0 30 30 0 0 30 60 90 120 150 180 192.0937 169.7056 150 134.1641 123.6932 120 94.86833 67.08204 42.42641 30 30 42.42641 60 67.08204 60 30 0 0 0 0 30 30 30 30 30 0 30 30 30 0 30 42.42641 67.08204 84.85281 67.08204 60 42.42641 30 30 30 30 42.42641 30 42.42641 30 42.42641 30 42.42641 60 30 0 30 60 60 67.08204 42.42641 30 42.42641 30 30 0 0 0 0 0 30 30 0
-9999 -9999 -9999 -9999 0 0 30 0 30 30 42.42641 67.08204 94.86833 123.6932 152.9706 182.4829 212.132 192.0937 174.9286 161.5549 150 120 90 60 30 0 0 30 30 42.42641 67.08204 42.42641 30 30 30 30 42.42641 60 60 60 42.42641 30 42.42641 30 0 0 30 42.42641 60 67.08204 42.42641 30 30 0 30 0 0 30 0 30 30 30 0 30 60 42.42641 30 42.42641 42.42641 30 42.42641 30 0 30 0 30 0 0 0 30 30 0 0 0
-9999 -9999 -9999 30 0 0 30 30 42.42641 60 67.08204 84.85281 108.1665 134.1641 161.5549 189.7367 218.4033 216.3331 201.2461 182.4829 152.9706 123.6932 94.86833 67.08204 42.42641 30 0 0 0 30 60 67.08204 60 60 60 60 67.08204 84.85281 67.08204 42.42641 30 42.42641 30 42.42641 30 30 0 30 30 42.42641 30 0 30 0 30 30 0 0 0 0 0 0 30 42.42641 42.42641 30 42.42641 42.42641 30 0 30 0 0 0 30 42.42641 30 0 30 42.42641 30 0 30 30
-9999 -9999 -9999 30 30 30 0 30 30 42.42641 67.08204 94.86833 123.6932 150 174.9286 201.2461 228.4732 241.8677 218.4033 189.7367 161.5549 134.1641 108.1665 84.85281 67.08204 42.42641 30 0 30 42.42641 67.08204 67.08204 42.42641 30 42.42641 67.08204 94.86833 90 60 30 0 30 0 30 42.42641 42.42641 30 30 0 30 42.42641 30 42.42641 30 0 0 0 0 30 30 0 0 0 30 30 0 30 30 0 0 30 0 0 0 30 60 30 0 30 60 42.42641 30 30 0
-9999 -9999 -9999 0 30 0 30 30 0 30 60 90 120 150 180 210 234.3075 216.3331 201.2461 189.7367 174.9286 150 127.2792 108.1665 84.85281 67.08204 42.42641 30 42.42641 67.08204 84.85281 60 30 0 30 60 90 94.86833 67.08204 42.42641 30 30 0 0 30 42.42641 60 30 0 30 42.42641 30 42.42641 30 0 0 0 0 30 42.42641 30 0 0 30 30 0 30 42.42641 30 30 30 0 0 30 42.42641 67.08204 42.42641 30 42.42641 42.42641 30 30 0 0
-9999 -9999 -9999 0 30 30 42.42641 30 0 30 60 90 120 150 169.7056 192.0937 212.132 192.0937 174.9286 161.5549 152.9706 150 150 127.2792 108.1665 84.85281 67.08204 60 67.08204 84.85281 94.86833 67.08204 42.42641 30 42.42641 67.08204 94.86833 108.1665 84.85281 67.08204 60 42.42641 30 30 0 30 30 42.42641 30 42.42641 30 0 30 30 0 0 0 0 0 30 30 0 30 0 30 0 30 30 30 0 30 30 30 30 42.42641 67.08204 67.08204 60 60 30 0 30 30 30
-9999 -9999 -9999 30 30 0 30 0 30 42.42641 67.08204 84.85281 108.1665 127.2792 150 174.9286 192.0937 169.7056 150 134.1641 123.6932 120 123.6932 134.1641 127.2792 108.1665 94.86833 90 94.86833 108.1665 108.1665 84.85281 67.08204 60 67.08204 84.85281 108.1665 108.1665 94.86833 90 67.08204 42.42641 30 30 30 30 0 30 60 67.08204 42.42641 30 30 30 0 0 0 0 0 30 42.42641 30 30 30 42.42641 30 30 0 0 0 0 30 0 0 30 60 90 90 67.08204 42.42641 30 30 0 30
-9999 -9999 -9999 0 30 30 30 0 30 30 42.42641 67.08204 84.85281 108.1665 134.1641 161.5549 174.9286 150 127.2792 108.1665 94.86833 90 94.86833 108.1665 123.6932 134.1641 123.6932 120 123.6932 134.1641 127.2792 108.1665 94.86833 90 94.86833 108.1665 108.1665 84.85281 67.08204 60 60 30 0 0 30 42.42641 30 30 42.42641 67.08204 60 30 0 30 0 30 30 30 0 30 30 0 0 30 30 0 0 0 30 30 30 30 0 30 42.42641 67.08204 94.86833 108.1665 84.85281 67.08204 60 42.42641 30 -9999
-9999 -9999 42.42641 30 42.42641 60 42.42641 30 0 0 30 42.42641 67.08204 94.86833 123.6932 152.9706 161.5549 134.1641 108.1665 84.85281 67.08204 60 67.08204 84.85281 94.86833 108.1665 127.2792 150 134.1641 123.6932 120 123.6932 123.6932 120 123.6932 123.6932 94.86833 67.08204 42.42641 30 42.42641 42.42641 30 30 0 30 0 0 30 42.42641 67.08204 42.42641 30 0 30 0 30 0 30 0 0 30 0 0 30 30 30 30 42.42641 60 30 0 30 42.42641 67.08204 84.85281 108.1665 127.2792 -9999 -9999 -9999 -9999 -9999 -9999
-9999 -9999 30 0 30 30 30 0 30 0 0 30 60 90 120 150 152.9706 123.6932 94.86833 67.08204 42.42641 30 42.42641 60 67.08204 84.85281 108.1665 127.2792 108.1665 94.86833 90 94.86833 108.1665 127.2792 150 120 90 60 30 0 30 60 42.42641 30 0 30 30 30 0 30 60 67.08204 42.42641 30 0 30 0 0 0 0 30 30 0 30 42.42641 60 60 60 67.08204 67.08204 42.42641 30 42.42641 67.08204 -9999 -9999 -9999 -9999 -9999 -9999 -9999 -9999 -9999 -9999
-9999 -9999 0 30 0 0 30 30 30 30 0 30 60 90 120 150 150 120 90 60 30 0 30 30 42.42641 67.08204 94.86833 108.1665 84.85281 67.08204 60 67.08204 84.85281 108.1665 134.1641 123.6932 94.86833 67.08204 42.42641 30 30 42.42641 30 0 30 42.42641 60 42.42641 30 42.42641 67.08204 67.08204 60 42.42641 30 0 30 0 30 30 0 0 0 30 60 84.85281 90 90 94.86833 -9999 -9999 -9999 -9999 -9999 -9999 -9999 -9999 -9999 -9999 -9999 -9999 -9999 -9999 -9999
-9999 -9999 0 30 30 30 30 0 0 30 0 30 60 90 120 150 134.1641 108.1665 84.85281 67.08204 42.42641 30 30 0 30 60 90 94.86833 67.08204 42.42641 30 42.42641 67.08204 94.86833 120 123.6932 108.1665 84.85281 60 30 0 30 30 0 30 60 67.08204 67.08204 60 67.08204 67.08204 42.42641 30 42.42641 30 0 0 30 0 30 30 30 30 42.42641 -9999 -9999 -9999 -9999 -9999 -9999 -9999 -9999 -9999 -9999 -9999 -9999 -9999 -9999 -9999 -9999 -9999 -9999 -9999 -9999
-9999 -9999 0 30 0 30 0 30 30 30 0 30 60 90 120 150 123.6932 94.86833 67.08204 42.42641 30 30 42.42641 30 42.42641 67.08204 94.86833 90 60 30 0 30 60 90 90 94.86833 108.1665 94.86833 67.08204 42.42641 30 30 0 0 30 30 42.42641 67.08204 90 90 60 30 0 30 42.42641 30 30 42.42641 30 42.42641 60 -9999 -9999 -9999 -9999 -9999 -9999 -9999 -9999 -9999 -9999 -9999 -9999 -9999 -9999 -9999 -9999 -9999 -9999 -9999 -9999 -9999 -9999 -9999
-9999 -9999 30 42.42641 30 42.42641 30 42.42641 30 0 30 42.42641 67.08204 94.86833 123.6932 127.2792 108.1665 90 60 30 0 0 30 60 67.08204 84.85281 108.1665 94.86833 67.08204 42.42641 30 42.42641 67.08204 67.08204 60 67.08204 84.85281 108.1665 84.85281 60 30 0 30 30 0 0 30 60 84.85281 94.86833 67.08204 42.42641 30 30 42.42641 60 60 67.08204 -9999 -9999 -9999 -9999 -9999 -9999 -9999 -9999 -9999 -9999 -9999 -9999 -9999 -9999 -9999 -9999 -9999 -9999 -9999 -9999 -9999 -9999 -9999 -9999 -9999 -9999
