SpatialData/AES/lc30_euclidean_matchextent.asc
ncols         299
nrows         658
xllcorner     582840.57256934
yllcorner     4505984.7454546
cellsize      30
NODATA_value  -9999
[rows 555 to 591 of 658, columns 0 to 83 of 299]
-9999 -9999 -9999 -9999 -9999 -9999 -9999 -9999 -9999 -9999 -9999 -9999 -9999 -9999 -9999 -9999 -9999 -9999 -9999 -9999 -9999 30 0 30 60 90 108.1665 127.2792 150 150 134.1641 123.6932 120 123.6932 134.1641 150 150 127.2792 108.1665 90 60 30 0 30 30 30 30 30 30 30 0 30 30 0 30 42.42641 30 0 0 0 30 30 0 0 30 0 30 30 30 0 30 60 90 67.08204 42.42641 30 42.42641 67.08204 60 60 67.08204 60 30 0
-9999 -9999 -9999 -9999 -9999 -9999 -9999 -9999 -9999 -9999 -9999 -9999 -9999 -9999 -9999 -9999 -9999 -9999 -9999 -9999 -9999 42.42641 30 42.42641 60 67.08204 84.85281 108.1665 134.1641 127.2792 108.1665 94.86833 90 94.86833 108.1665 127.2792 134.1641 108.1665 84.85281 67.08204 60 42.42641 30 0 0 0 30 30 0 30 30 42.42641 42.42641 30 0 30 0 30 30 30 42.42641 30 0 0 0 0 30 0 30 30 42.42641 67.08204 90 60 30 0 30 42.42641 30 42.42641 67.08204 60 30 0
-9999 -9999 -9999 -9999 -9999 -9999 -9999 -9999 -9999 -9999 -9999 -9999 -9999 -9999 -9999 -9999 -9999 -9999 -9999 -9999 -9999 60 60 42.42641 30 42.42641 67.08204 94.86833 123.6932 108.1665 84.85281 67.08204 60 67.08204 84.85281 108.1665 123.6932 94.86833 67.08204 42.42641 30 30 30 0 30 30 42.42641 30 30 42.42641 30 42.42641 67.08204 42.42641 30 30 30 30 0 0 30 30 30 0 30 30 42.42641 30 42.42641 60 67.08204 84.85281 90 60 30 0 30 30 0 30 42.42641 30 42.42641 30
-9999 -9999 -9999 -9999 -9999 -9999 -9999 -9999 -9999 -9999 -9999 -9999 -9999 -9999 -9999 -9999 -9999 -9999 -9999 -9999 -9999 30 42.42641 30 0 30 60 90 120 94.86833 67.08204 42.42641 30 42.42641 67.08204 94.86833 120 90 60 30 0 0 0 0 0 30 30 0 30 30 0 30 60 30 0 0 30 0 0 0 0 0 30 0 30 60 67.08204 60 67.08204 84.85281 94.86833 108.1665 94.86833 67.08204 42.42641 30 30 42.42641 30 42.42641 30 0 30 60
-9999 -9999 -9999 -9999 -9999 -9999 -9999 -9999 -9999 -9999 -9999 -9999 -9999 -9999 -9999 -9999 -9999 -9999 -9999 -9999 -9999 0 30 30 30 42.42641 67.08204 94.86833 90 90 60 30 0 30 60 90 120 90 60 30 0 0 30 30 30 0 30 30 42.42641 30 30 42.42641 60 30 0 0 30 0 0 30 30 0 30 30 42.42641 67.08204 94.86833 90 94.86833 108.1665 123.6932 120 108.1665 84.85281 60 30 0 30 0 30 30 0 30 60
-9999 -9999 -9999 -9999 -9999 -9999 -9999 -9999 -9999 -9999 -9999 -9999 -9999 -9999 -9999 -9999 -9999 -9999 -9999 -9999 -9999 0 30 0 30 60 84.85281 67.08204 60 67.08204 60 30 0 30 60 90 120 90 60 30 0 30 42.42641 60 42.42641 30 30 42.42641 30 0 0 30 30 42.42641 30 0 30 30 30 0 30 30 42.42641 60 67.08204 84.85281 108.1665 120 123.6932 108.1665 94.86833 90 94.86833 94.86833 67.08204 42.42641 30 42.42641 30 0 30 30 42.42641 60
-9999 -9999 -9999 -9999 -9999 -9999 -9999 -9999 -9999 -9999 -9999 -9999 -9999 -9999 -9999 -9999 -9999 -9999 -9999 -9999 -9999 0 30 30 42.42641 67.08204 67.08204 42.42641 30 42.42641 67.08204 42.42641 30 42.42641 67.08204 94.86833 120 90 60 30 0 30 60 60 30 0 0 30 42.42641 30 30 0 0 30 42.42641 30 30 0 0 30 30 0 30 60 90 108.1665 127.2792 134.1641 108.1665 84.85281 67.08204 60 67.08204 84.85281 84.85281 67.08204 60 42.42641 30 30 42.42641 60 67.08204 60
-9999 -9999 -9999 -9999 -9999 -9999 -9999 -9999 -9999 -9999 -9999 -9999 -9999 -9999 -9999 -9999 -9999 -9999 -9999 -9999 -9999 0 30 0 30 60 60 30 0 30 60 67.08204 60 67.08204 84.85281 108.1665 123.6932 94.86833 67.08204 42.42641 30 42.42641 42.42641 30 30 30 30 30 42.42641 60 42.42641 30 30 42.42641 67.08204 42.42641 30 30 30 30 0 30 42.42641 67.08204 94.86833 123.6932 150 123.6932 94.86833 67.08204 42.42641 30 42.42641 60 67.08204 84.85281 60 30 0 30 42.42641 67.08204 84.85281 67.08204
-9999 -9999 -9999 -9999 -9999 -9999 -9999 -9999 -9999 -9999 -9999 -9999 -9999 -9999 -9999 -9999 -9999 -9999 -9999 -9999 -9999 30 42.42641 30 42.42641 67.08204 67.08204 42.42641 30 42.42641 67.08204 94.86833 90 94.86833 108.1665 127.2792 134.1641 108.1665 84.85281 67.08204 60 60 30 0 0 30 30 0 30 30 42.42641 60 60 67.08204 42.42641 30 0 30 30 0 0 30 60 84.85281 108.1665 134.1641 150 120 90 60 30 0 30 30 42.42641 67.08204 67.08204 42.42641 30 0 30 60 67.08204 42.42641
-9999 -9999 -9999 -9999 -9999 -9999 -9999 -9999 -9999 -9999 -9999 -9999 -9999 -9999 -9999 -9999 -9999 -9999 -9999 -9999 -9999 0 30 60 67.08204 67.08204 42.42641 30 42.42641 67.08204 84.85281 108.1665 120 123.6932 134.1641 150 150 127.2792 108.1665 84.85281 67.08204 60 42.42641 30 30 42.42641 30 30 30 0 30 60 90 60 30 0 30 42.42641 42.42641 30 30 42.42641 67.08204 94.86833 123.6932 150 150 123.6932 94.86833 67.08204 42.42641 30 30 0 30 60 60 30 0 0 30 60 42.42641 30
-9999 -9999 -9999 -9999 -9999 -9999 -9999 -9999 -9999 -9999 -9999 -9999 -9999 -9999 -9999 -9999 -9999 -9999 -9999 -9999 -9999 0 30 30 42.42641 60 30 0 30 60 90 120 134.1641 150 152.9706 150 134.1641 123.6932 94.86833 67.08204 42.42641 30 42.42641 30 0 30 0 0 30 30 42.42641 67.08204 60 67.08204 42.42641 30 42.42641 67.08204 67.08204 60 60 67.08204 84.85281 108.1665 134.1641 150 127.2792 108.1665 84.85281 67.08204 60 60 42.42641 30 42.42641 67.08204 60 30 0 30 42.42641 30 30 0
-9999 -9999 -9999 -9999 -9999 -9999 -9999 -9999 -9999 -9999 -9999 -9999 -9999 -9999 -9999 -9999 -9999 -9999 -9999 -9999 42.42641 30 30 0 30 60 30 0 30 60 90 94.86833 108.1665 123.6932 123.6932 120 108.1665 94.86833 84.85281 60 30 0 30 30 30 30 30 30 42.42641 60 67.08204 42.42641 30 42.42641 67.08204 60 67.08204 84.85281 94.86833 90 90 94.86833 108.1665 127.2792 150 134.1641 108.1665 84.85281 67.08204 42.42641 30 42.42641 30 42.42641 60 67.08204 67.08204 42.42641 30 42.42641 30 0 30 30
-9999 -9999 -9999 -9999 -9999 -9999 -9999 -9999 -9999 -9999 -9999 -9999 -9999 -9999 -9999 -9999 -9999 -9999 -9999 -9999 30 42.42641 42.42641 30 42.42641 67.08204 42.42641 30 42.42641 67.08204 60 67.08204 84.85281 94.86833 94.86833 90 84.85281 67.08204 60 42.42641 30 30 30 0 30 0 30 60 67.08204 84.85281 60 30 0 30 60 90 94.86833 108.1665 123.6932 120 120 123.6932 134.1641 134.1641 123.6932 108.1665 94.86833 67.08204 42.42641 30 0 30 0 30 30 42.42641 60 30 0 30 42.42641 30 30 0
-9999 -9999 -9999 -9999 -9999 -9999 -9999 -9999 -9999 -9999 -9999 -9999 -9999 -9999 -9999 -9999 -9999 -9999 -9999 -9999 0 30 30 42.42641 67.08204 84.85281 67.08204 60 67.08204 42.42641 30 42.42641 60 67.08204 67.08204 60 67.08204 42.42641 30 30 0 30 0 30 42.42641 30 42.42641 67.08204 94.86833 90 67.08204 42.42641 30 42.42641 67.08204 94.86833 123.6932 134.1641 150 150 150 150 127.2792 108.1665 94.86833 84.85281 67.08204 60 30 0 30 42.42641 30 30 0 30 42.42641 42.42641 30 42.42641 42.42641 30 42.42641 30
-9999 -9999 -9999 -9999 -9999 -9999 -9999 -9999 -9999 -9999 -9999 -9999 -9999 -9999 -9999 -9999 -9999 -9999 -9999 -9999 0 30 0 30 60 90 94.86833 90 60 30 0 30 30 42.42641 42.42641 30 42.42641 30 0 30 30 42.42641 30 42.42641 67.08204 60 60 67.08204 67.08204 60 67.08204 67.08204 60 67.08204 84.85281 108.1665 134.1641 161.5549 174.9286 180 161.5549 134.1641 108.1665 84.85281 67.08204 60 42.42641 30 42.42641 30 30 42.42641 60 42.42641 30 0 30 30 42.42641 60 30 0 30 42.42641
-9999 -9999 -9999 -9999 -9999 -9999 -9999 -9999 -9999 -9999 -9999 -9999 -9999 -9999 -9999 -9999 -9999 -9999 -9999 -9999 0 30 30 42.42641 67.08204 94.86833 123.6932 94.86833 67.08204 42.42641 30 30 0 30 30 0 30 0 30 42.42641 60 67.08204 60 60 67.08204 42.42641 30 42.42641 42.42641 30 42.42641 67.08204 90 94.86833 108.1665 127.2792 150 174.9286 201.2461 182.4829 152.9706 123.6932 94.86833 67.08204 42.42641 30 30 0 30 30 0 30 60 67.08204 42.42641 30 30 0 30 30 30 30 42.42641 67.08204
-9999 -9999 -9999 -9999 -9999 -9999 -9999 -9999 -9999 -9999 -9999 -9999 -9999 -9999 -9999 -9999 -9999 -9999 -9999 -9999 30 0 30 60 84.85281 108.1665 123.6932 108.1665 84.85281 67.08204 60 42.42641 30 42.42641 42.42641 30 30 0 30 60 84.85281 67.08204 42.42641 30 42.42641 30 0 30 30 0 30 60 90 120 134.1641 150 169.7056 182.4829 180 180 150 120 90 60 30 0 30 0 0 30 30 42.42641 67.08204 84.85281 67.08204 60 42.42641 30 30 0 0 30 30 42.42641
-9999 -9999 -9999 -9999 -9999 -9999 -9999 -9999 -9999 -9999 -9999 -9999 -9999 -9999 -9999 -9999 -9999 -9999 -9999 -9999 0 30 42.42641 67.08204 94.86833 108.1665 94.86833 90 94.86833 94.86833 84.85281 67.08204 42.42641 30 42.42641 60 42.42641 30 42.42641 67.08204 90 60 30 0 30 42.42641 30 42.42641 42.42641 30 42.42641 67.08204 94.86833 123.6932 152.9706 174.9286 161.5549 152.9706 150 152.9706 152.9706 123.6932 94.86833 67.08204 42.42641 30 0 30 30 30 42.42641 60 67.08204 67.08204 42.42641 30 42.42641 60 42.42641 30 30 30 0 30
-9999 -9999 -9999 -9999 -9999 -9999 -9999 -9999 -9999 -9999 -9999 -9999 -9999 -9999 -9999 -9999 -9999 -9999 -9999 30 0 30 60 84.85281 108.1665 84.85281 67.08204 60 67.08204 84.85281 90 60 30 0 30 60 67.08204 60 67.08204 84.85281 94.86833 67.08204 42.42641 30 42.42641 67.08204 60 60 67.08204 60 67.08204 84.85281 108.1665 134.1641 161.5549 150 134.1641 123.6932 120 123.6932 134.1641 134.1641 108.1665 84.85281 67.08204 42.42641 30 0 30 0 30 30 42.42641 60 30 0 30 30 30 0 0 30 30 0
-9999 -9999 -9999 -9999 -9999 -9999 -9999 -9999 -9999 -9999 -9999 -9999 -9999 -9999 -9999 -9999 -9999 -9999 -9999 42.42641 30 42.42641 67.08204 94.86833 94.86833 67.08204 42.42641 30 42.42641 67.08204 94.86833 67.08204 42.42641 30 42.42641 67.08204 84.85281 67.08204 60 67.08204 84.85281 84.85281 67.08204 60 67.08204 67.08204 42.42641 30 42.42641 67.08204 94.86833 108.1665 127.2792 150 150 127.2792 108.1665 94.86833 90 94.86833 108.1665 127.2792 127.2792 108.1665 84.85281 67.08204 42.42641 30 42.42641 30 30 0 30 60 30 0 0 0 0 0 0 30 42.42641 30
-9999 -9999 -9999 -9999 -9999 -9999 -9999 -9999 -9999 -9999 -9999 -9999 -9999 -9999 -9999 -9999 -9999 -9999 -9999 30 42.42641 67.08204 84.85281 108.1665 90 60 30 0 30 60 90 84.85281 67.08204 60 67.08204 67.08204 60 42.42641 30 42.42641 67.08204 60 60 67.08204 84.85281 60 30 0 30 60 90 120 150 161.5549 134.1641 108.1665 84.85281 67.08204 60 67.08204 84.85281 108.1665 108.1665 94.86833 90 60 30 0 30 60 42.42641 30 42.42641 60 30 0 30 30 0 0 30 42.42641 60 60
-9999 -9999 -9999 -9999 -9999 -9999 -9999 -9999 -9999 -9999 -9999 -9999 -9999 -9999 -9999 -9999 -9999 -9999 -9999 0 30 60 84.85281 108.1665 94.86833 67.08204 42.42641 30 42.42641 67.08204 94.86833 108.1665 94.86833 90 67.08204 42.42641 30 30 0 30 42.42641 30 30 42.42641 67.08204 67.08204 42.42641 30 42.42641 67.08204 94.86833 123.6932 152.9706 152.9706 123.6932 94.86833 67.08204 42.42641 30 42.42641 67.08204 94.86833 84.85281 67.08204 60 67.08204 42.42641 30 42.42641 30 42.42641 60 67.08204 67.08204 42.42641 30 42.42641 42.42641 30 0 30 42.42641 30 42.42641
-9999 -9999 -9999 -9999 -9999 -9999 -9999 -9999 -9999 -9999 -9999 -9999 -9999 -9999 -9999 -9999 -9999 -9999 -9999 30 30 42.42641 67.08204 94.86833 108.1665 84.85281 67.08204 60 67.08204 84.85281 108.1665 84.85281 67.08204 60 60 30 0 30 30 42.42641 30 0 0 30 60 84.85281 67.08204 60 67.08204 84.85281 108.1665 134.1641 161.5549 150 120 90 60 30 0 30 60 90 67.08204 42.42641 30 42.42641 67.08204 42.42641 30 0 30 60 90 84.85281 67.08204 60 60 42.42641 30 30 42.42641 30 0 30
-9999 -9999 -9999 -9999 -9999 -9999 -9999 -9999 -9999 -9999 -9999 -9999 -9999 -9999 -9999 -9999 -9999 -9999 -9999 30 0 30 60 67.08204 84.85281 90 94.86833 90 94.86833 108.1665 84.85281 67.08204 42.42641 30 42.42641 30 0 0 30 60 42.42641 30 30 42.42641 67.08204 94.86833 94.86833 90 94.86833 108.1665 127.2792 150 174.9286 152.9706 123.6932 94.86833 67.08204 42.42641 30 42.42641 67.08204 90 60 30 0 30 60 30 0 30 42.42641 67.08204 94.86833 94.86833 67.08204 42.42641 30 30 0 30 30 30 30 0
-9999 -9999 -9999 -9999 -9999 -9999 -9999 -9999 -9999 -9999 -9999 -9999 -9999 -9999 -9999 -9999 -9999 -9999 -9999 42.42641 30 42.42641 30 42.42641 67.08204 60 67.08204 84.85281 108.1665 84.85281 67.08204 42.42641 30 0 30 42.42641 30 30 42.42641 30 42.42641 60 60 67.08204 84.85281 108.1665 123.6932 120 123.6932 134.1641 150 169.7056 189.7367 161.5549 134.1641 108.1665 84.85281 67.08204 60 67.08204 84.85281 94.86833 67.08204 42.42641 30 42.42641 67.08204 42.42641 30 42.42641 67.08204 84.85281 108.1665 90 60 30 0 30 30 30 0 0 0 0
-9999 -9999 -9999 -9999 -9999 -9999 -9999 -9999 -9999 -9999 -9999 -9999 -9999 -9999 -9999 -9999 -9999 84.85281 67.08204 60 60 30 0 30 42.42641 30 42.42641 67.08204 94.86833 67.08204 42.42641 30 0 30 42.42641 67.08204 60 60 30 0 30 42.42641 67.08204 94.86833 108.1665 127.2792 150 150 152.9706 161.5549 174.9286 192.0937 201.2461 174.9286 150 127.2792 108.1665 94.86833 90 94.86833 108.1665 108.1665 84.85281 67.08204 60 67.08204 67.08204 42.42641 30 42.42641 67.08204 84.85281 94.86833 84.85281 60 30 0 0 30 0 30 30 30 30
-9999 -9999 -9999 -9999 -9999 -9999 -9999 -9999 -9999 -9999 -9999 -9999 -9999 -9999 -9999 -9999 -9999 67.08204 42.42641 30 42.42641 42.42641 30 42.42641 30 0 30 60 67.08204 60 30 0 30 30 42.42641 67.08204 84.85281 60 30 0 0 30 60 90 120 150 169.7056 180 182.4829 189.7367 201.2461 216.3331 216.3331 192.0937 169.7056 150 134.1641 123.6932 120 123.6932 134.1641 127.2792 108.1665 94.86833 90 90 60 30 0 30 42.42641 67.08204 67.08204 60 42.42641 30 0 0 30 30 30 0 30 0
-9999 -9999 -9999 -9999 -9999 -9999 -9999 -9999 -9999 -9999 -9999 -9999 -9999 -9999 -9999 -9999 -9999 60 30 0 30 42.42641 60 42.42641 30 30 42.42641 67.08204 42.42641 30 42.42641 30 0 0 30 42.42641 67.08204 67.08204 42.42641 30 30 42.42641 67.08204 94.86833 123.6932 152.9706 182.4829 210 212.132 218.4033 228.4732 241.8677 234.3075 212.132 192.0937 174.9286 161.5549 152.9706 150 150 127.2792 108.1665 94.86833 90 94.86833 94.86833 67.08204 42.42641 30 0 30 60 42.42641 30 30 0 0 30 42.42641 60 42.42641 30 42.42641 30
-9999 -9999 -9999 -9999 -9999 -9999 -9999 -9999 -9999 -9999 -9999 -9999 -9999 -9999 -9999 -9999 -9999 -9999 42.42641 30 0 30 60 30 0 30 60 60 30 0 30 0 0 0 0 30 60 67.08204 60 60 60 67.08204 84.85281 108.1665 134.1641 161.5549 189.7367 218.4033 241.8677 247.3863 256.3201 268.3282 241.8677 216.3331 192.0937 169.7056 150 134.1641 123.6932 120 108.1665 84.85281 67.08204 60 67.08204 84.85281 84.85281 67.08204 42.42641 30 42.42641 60 30 0 30 30 0 30 60 84.85281 67.08204 42.42641 30 42.42641
-9999 -9999 -9999 -9999 -9999 -9999 -9999 -9999 -9999 -9999 -9999 -9999 -9999 -9999 -9999 -9999 -9999 67.08204 42.42641 30 0 30 60 30 0 30 60 67.08204 42.42641 30 42.42641 30 30 30 30 42.42641 67.08204 42.42641 30 42.42641 67.08204 94.86833 108.1665 127.2792 150 174.9286 201.2461 228.4732 256.3201 276.5863 283.0194 256.3201 228.4732 201.2461 174.9286 150 127.2792 108.1665 94.86833 90 94.86833 67.08204 42.42641 30 42.42641 67.08204 94.86833 84.85281 67.08204 60 67.08204 67.08204 42.42641 30 0 0 0 30 60 90 60 30 0 30
-9999 -9999 -9999 -9999 -9999 -9999 -9999 -9999 -9999 -9999 -9999 -9999 -9999 -9999 -9999 -9999 -9999 60 30 0 30 42.42641 67.08204 42.42641 30 42.42641 67.08204 84.85281 67.08204 60 67.08204 60 60 60 60 67.08204 60 30 0 30 60 90 120 150 169.7056 192.0937 216.3331 241.8677 268.3282 295.4657 268.3282 241.8677 216.3331 189.7367 161.5549 134.1641 108.1665 84.85281 67.08204 60 67.08204 60 30 0 30 60 67.08204 84.85281 94.86833 90 94.86833 84.85281 67.08204 42.42641 30 30 30 42.42641 67.08204 94.86833 67.08204 42.42641 30 42.42641
-9999 -9999 -9999 -9999 -9999 -9999 -9999 -9999 -9999 -9999 -9999 -9999 -9999 -9999 -9999 -9999 -9999 42.42641 30 30 42.42641 67.08204 84.85281 67.08204 60 67.08204 84.85281 108.1665 94.86833 90 94.86833 90 90 90 67.08204 42.42641 30 42.42641 30 42.42641 67.08204 94.86833 123.6932 152.9706 182.4829 212.132 234.3075 258.0698 283.0194 284.605 256.3201 228.4732 201.2461 174.9286 150 123.6932 94.86833 67.08204 42.42641 30 42.42641 60 30 0 30 30 42.42641 67.08204 94.86833 120 94.86833 67.08204 42.42641 30 0 30 0 30 60 90 84.85281 67.08204 60 60
-9999 -9999 -9999 -9999 -9999 -9999 -9999 -9999 -9999 -9999 -9999 -9999 -9999 -9999 -9999 -9999 -9999 30 0 30 60 84.85281 67.08204 42.42641 30 42.42641 67.08204 94.86833 123.6932 120 123.6932 120 108.1665 90 60 30 0 30 0 30 60 90 120 150 180 210 240 270 295.4657 276.5863 247.3863 218.4033 189.7367 161.5549 134.1641 108.1665 84.85281 60 30 0 30 60 42.42641 30 30 0 30 60 90 120 90 60 30 0 0 0 30 42.42641 67.08204 67.08204 60 67.08204 42.42641 30
-9999 -9999 -9999 -9999 -9999 -9999 -9999 -9999 -9999 -9999 -9999 -9999 -9999 -9999 -9999 -9999 -9999 30 0 30 60 90 60 30 0 30 60 90 120 150 134.1641 108.1665 84.85281 67.08204 60 42.42641 30 42.42641 30 42.42641 67.08204 94.86833 123.6932 152.9706 182.4829 212.132 241.8677 271.6616 268.3282 256.3201 241.8677 212.132 182.4829 152.9706 123.6932 94.86833 67.08204 42.42641 30 30 42.42641 67.08204 67.08204 60 42.42641 30 42.42641 67.08204 94.86833 108.1665 84.85281 60 30 0 0 30 42.42641 67.08204 67.08204 42.42641 30 42.42641 30 0
-9999 -9999 -9999 -9999 -9999 -9999 -9999 -9999 -9999 -9999 -9999 -9999 -9999 -9999 -9999 -9999 -9999 42.42641 30 42.42641 67.08204 67.08204 60 42.42641 30 42.42641 67.08204 94.86833 123.6932 152.9706 123.6932 94.86833 67.08204 42.42641 30 42.42641 60 42.42641 30 42.42641 67.08204 94.86833 123.6932 152.9706 182.4829 212.132 234.3075 258.0698 241.8677 228.4732 218.4033 210 180 150 120 90 60 30 0 30 60 84.85281 94.86833 84.85281 67.08204 60 67.08204 84.85281 108.1665 94.86833 67.08204 42.42641 30 30 30 42.42641 67.08204 84.85281 60 30 0 30 42.42641 30
-9999 -9999 -9999 -9999 -9999 -9999 -9999 -9999 -9999 -9999 -9999 -9999 -9999 -9999 -9999 -9999 -9999 30 30 30 42.42641 42.42641 30 30 30 42.42641 67.08204 94.86833 123.6932 150 120 90 60 30 0 30 60 30 0 30 60 90 120 150 169.7056 192.0937 216.3331 234.3075 216.3331 201.2461 189.7367 182.4829 180 152.9706 123.6932 94.86833 67.08204 42.42641 30 42.42641 67.08204 94.86833 123.6932 108.1665 94.86833 90 94.86833 108.1665 94.86833 90 60 30 0 30 42.42641 67.08204 84.85281 84.85281 67.08204 42.42641 30 42.42641 30 0
-9999 -9999 -9999 -9999 -9999 -9999 -9999 0 0 30 42.42641 -9999 94.86833 67.08204 -9999 -9999 -9999 0 0 0 30 30 0 0 0 30 60 90 120 150 123.6932 94.86833 67.08204 42.42641 30 42.42641 67.08204 42.42641 30 42.42641 67.08204 94.86833 108.1665 127.2792 150 174.9286 201.2461 212.132 192.0937 174.9286 161.5549 152.9706 150 152.9706 134.1641 108.1665 84.85281 67.08204 60 67.08204 84.85281 108.1665 134.1641 134.1641 123.6932 120 108.1665 84.85281 67.08204 60 60 30 0 0 30 60 90 67.08204 42.42641 30 42.42641 67.08204 42.42641 30
